[19, 48, 13, 29, 130145.77451223352, 137.8125, 2471765661.417352, 5978.571516655727, 610, 0.0072562358276643995, 137320314.52318624, 17935714.54996718, 210, 400, 16, 21, 67]
[5, 19, 1, 5, 42584.16626765243, 130.0, 719672409.9233259, 1845.3138715982716, 361, 0.007692307692307693, 39981800.551295884, 5535941.614794815, 156, 205, 12, 20, 24]
[29, 65, 10, 35, 132318.37485430992, 135.42857142857142, 2426837811.3279133, 5973.229493423134, 595, 0.007383966244725738, 134824322.85155073, 17919688.480269402, 237, 358, 21, 24, 94]
[2, 38, 3, 30, 372457.958901692, 10.666666666666666, 42377438.8794814, 1324.2949649837938, 334, 0.09375, 2354302.1599711888, 3972884.8949513813, 4, 330, 3, 16, 40]
[3, 67, 8, 50, 188764.79672064658, 195.23076923076925, 7194780279.570585, 12284.23215582054, 844, 0.00512214342001576, 399710015.5316992, 36852696.46746162, 188, 656, 13, 27, 70]
[4, 9, 0, 2, 5286.856961330976, 10.90909090909091, 629179.6714311246, 19.224934404839917, 47, 0.09166666666666666, 34954.42619061803, 57674.80321451975, 16, 31, 11, 15, 13]
[11, 39, 12, 6, 15748.979557942126, 24.0, 9071412.225374665, 125.99183646353701, 109, 0.041666666666666664, 503967.34585414804, 377975.509390611, 30, 79, 10, 16, 50]
[0, 13, 0, 7, 46604.815881507915, 122.24999999999999, 696511886.1501282, 1899.1462471714474, 369, 0.0081799591002045, 38695104.78611824, 5697438.741514342, 163, 206, 12, 18, 13]
[4, 10, 0, 4, 49002.500831402605, 113.57142857142857, 632057256.8972905, 1855.09467433167, 359, 0.00880503144654088, 35114292.04984947, 5565284.02299501, 159, 200, 14, 20, 14]
[4, 19, 2, 5, 47293.317136730446, 123.84615384615384, 725378741.7166804, 1952.3651433368211, 369, 0.008074534161490683, 40298818.98426002, 5857095.430010463, 161, 208, 13, 20, 23]
[1, 12, 0, 7, 7060.709436884317, 24.437499999999996, 4216594.997735591, 57.515362287953494, 77, 0.04092071611253197, 234255.27765197726, 172546.0868638605, 23, 54, 8, 17, 13]
[1, 8, 1, 1, 2562.3093767975774, 9.75, 243579.53513181972, 8.327505474592128, 34, 0.10256410256410256, 13532.196396212206, 24982.516423776382, 9, 25, 6, 13, 9]
[8, 39, 1, 47, 156955.91674656468, 109.08333333333333, 1867645702.6584747, 5707.0915283681425, 593, 0.009167303284950344, 103758094.59213749, 17121274.58510443, 187, 406, 18, 21, 47]
[0, 11, 0, 4, 3563.5280214269974, 9.75, 338757.88253690396, 11.581466069637742, 39, 0.10256410256410256, 18819.88236316133, 34744.398208913226, 13, 26, 8, 12, 11]
[14, 37, 5, 9, 68895.95673880292, 147.875, 1506548962.5067277, 3395.9965342501605, 462, 0.006762468300929839, 83697164.5837071, 10187989.602750482, 182, 280, 16, 26, 51]
[6, 19, 0, 5, 34343.56048282326, 157.0, 846534422.3411105, 1797.312998601084, 365, 0.006369426751592357, 47029690.13006169, 5391938.995803252, 157, 208, 9, 18, 25]
[5, 14, 0, 4, 39311.03651402242, 139.5, 765002598.3220048, 1827.9631979020423, 366, 0.007168458781362007, 42500144.351222485, 5483889.593706127, 155, 211, 10, 18, 19]
[7, 25, 8, 15, 77721.1139727118, 103.23333333333333, 828283324.4976597, 2674.469888594316, 425, 0.009686793671294802, 46015740.24986998, 8023409.665782948, 163, 262, 15, 19, 32]
[15, 45, 15, 16, 40587.26783848586, 38.09375, 58897555.766156524, 515.3737447407735, 196, 0.026251025430680888, 3272086.4314531405, 1546121.2342223206, 53, 143, 16, 23, 60]
[9, 57, 7, 70, 198308.5708607775, 180.35714285714286, 6450719806.603289, 11922.122414844362, 835, 0.005544554455445544, 358373322.5890716, 35766367.244533084, 202, 633, 14, 25, 66]
[1, 17, 3, 8, 4746.381958420467, 16.0, 1215073.7813556395, 25.31403711157582, 56, 0.0625, 67504.09896420219, 75942.11133472747, 16, 40, 6, 12, 18]
[5, 19, 2, 16, 81569.36004218517, 105.33333333333333, 905021112.9302714, 2863.9908637033905, 437, 0.00949367088607595, 50278950.71834841, 8591972.591110172, 158, 279, 15, 20, 24]
[1, 13, 0, 4, 8362.536679684481, 11.227272727272728, 1054111.5708489062, 31.296159998213135, 59, 0.08906882591093117, 58561.75393605034, 93888.4799946394, 19, 40, 11, 13, 14]
[0, 16, 2, 6, 36011.442136079124, 136.0, 666067633.7489195, 1632.51871016892, 353, 0.007352941176470588, 37003757.43049553, 4897556.13050676, 153, 200, 9, 16, 16]
[8, 17, 0, 7, 6181.841575490467, 20.0, 2472736.6301961867, 41.21227716993645, 68, 0.05, 137374.2572331215, 123636.83150980934, 16, 52, 6, 15, 25]
[4, 18, 3, 8, 10670.621310045619, 11.0, 1291145.1785155197, 39.12561147016727, 68, 0.09090909090909091, 71730.28769530664, 117376.8344105018, 14, 54, 7, 11, 22]
[3, 67, 15, 43, 159136.30110615835, 182.76923076923077, 5315883165.641892, 9695.073113544417, 756, 0.005471380471380472, 295326842.5356607, 29085219.34063325, 176, 580, 13, 27, 70]
[1, 47, 2, 39, 156742.8712887769, 65.625, 675035217.1713926, 3428.7503094419944, 487, 0.015238095238095238, 37501956.50952181, 10286250.928325983, 50, 437, 8, 21, 48]
[3, 9, 0, 2, 3955.4966973591686, 10.5625, 441300.5514581063, 13.926644621952073, 42, 0.09467455621301775, 24516.697303228128, 41779.93386585622, 13, 29, 8, 13, 12]
[13, 39, 8, 12, 73179.7841235608, 130.88235294117646, 1253583628.985132, 3192.647444606329, 449, 0.007640449438202248, 69643534.94361845, 9577942.333818987, 178, 271, 17, 25, 52]
[11, 26, 1, 17, 20023.181252152874, 45.125, 40772515.68690335, 301.1820180011328, 161, 0.0221606648199446, 2265139.7603835193, 903546.0540033984, 38, 123, 8, 19, 37]
[50, 128, 57, 61, 339112.9508061718, 33.425925925925924, 378888364.7291763, 3778.3881247230875, 480, 0.029916897506925208, 21049353.59606535, 11335164.374169262, 95, 385, 27, 19, 178]
[62, 158, 72, 76, 546897.6616342511, 34.25757575757576, 641828976.3295109, 6245.129358358797, 597, 0.0291906236178682, 35657165.351639494, 18735388.07507639, 119, 478, 33, 19, 220]
[54, 138, 62, 66, 402141.57690079504, 33.741379310344826, 457830415.0273285, 4522.937160889976, 519, 0.02963719979560552, 25435023.057073805, 13568811.482669929, 103, 416, 29, 19, 192]
[38, 98, 42, 46, 185666.6687033394, 32.11904761904762, 191539903.272679, 1987.812191117499, 363, 0.031134173461823574, 10641105.737371055, 5963436.573352497, 71, 292, 21, 19, 136]
[30, 78, 32, 36, 111416.84805123463, 30.73529411764706, 105250850.77262068, 1141.476531505296, 285, 0.03253588516746411, 5847269.487367815, 3424429.594515888, 55, 230, 17, 19, 108]
[62, 158, 72, 78, 558818.7202882927, 34.25757575757576, 655819310.1879953, 6381.258215009242, 603, 0.0291906236178682, 36434406.1215553, 19143774.645027727, 119, 484, 33, 19, 220]
[66, 168, 77, 81, 628891.8006363802, 34.47142857142857, 747299163.8244015, 7226.266261598026, 636, 0.029009531703273934, 41516620.21246675, 21678798.784794077, 127, 509, 35, 19, 234]
[58, 148, 67, 71, 471357.5822973053, 34.016129032258064, 545406460.5895215, 5344.586779919446, 558, 0.02939781887150308, 30300358.921640083, 16033760.339758337, 111, 447, 31, 19, 206]
[42, 108, 47, 51, 231032.77892126443, 32.630434782608695, 245991059.5190868, 2512.9000084117242, 402, 0.030646235842771485, 13666169.9732826, 7538700.025235172, 79, 323, 23, 19, 150]
[46, 118, 52, 56, 282127.53481141524, 33.06, 308355126.1066097, 3109.045433621796, 441, 0.030248033877797943, 17130840.339256093, 9327136.300865388, 87, 354, 25, 19, 164]
[26, 68, 27, 31, 82148.43172625666, 29.766666666666666, 72787983.03519072, 815.0949947949688, 246, 0.0335946248600224, 4043776.8352883733, 2445284.9843849065, 47, 199, 15, 19, 94]
[34, 88, 37, 41, 145856.41472935927, 31.5, 144726027.51520675, 1531.4923546582725, 324, 0.031746031746031744, 8040334.8619559305, 4594477.063974817, 63, 261, 19, 19, 122]
[66, 168, 77, 83, 641745.7832016686, 34.47142857142857, 762573286.3572972, 7373.964642217268, 642, 0.029009531703273934, 42365182.5754054, 22121893.926651806, 127, 515, 35, 19, 234]
[4, 33, 2, 17, 18803.48317940367, 38.57142857142857, 27974978.03629648, 241.75906944947573, 138, 0.025925925925925925, 1554165.4464609155, 725277.2083484272, 40, 98, 14, 27, 37]
[4, 14, 0, 4, 3668.3747830530338, 20.4, 1526630.8497153507, 24.94494852476063, 54, 0.049019607843137254, 84812.82498418615, 74834.84557428189, 12, 42, 5, 17, 18]
[13, 35, 0, 24, 19061.423662507346, 63.25000000000001, 76256416.70083955, 401.8783488845299, 181, 0.015810276679841896, 4236467.594491086, 1205635.0466535897, 46, 135, 8, 22, 48]
[5, 30, 0, 18, 23864.694818623866, 44.86363636363637, 48033565.88174379, 356.885663423966, 170, 0.022289766970618033, 2668531.437874655, 1070656.990271898, 47, 123, 11, 21, 35]
[2, 29, 0, 12, 14203.093959793618, 52.0, 38405166.06728194, 246.18696196975603, 143, 0.019230769230769232, 2133620.337071219, 738560.885909268, 39, 104, 9, 24, 31]
[2, 29, 0, 12, 14062.09021725531, 53.333333333333336, 39998834.395748444, 249.99271497342775, 144, 0.01875, 2222157.466430469, 749978.1449202832, 40, 104, 9, 24, 31]
[3, 56, 0, 31, 16709.19687373222, 122.83333333333334, 252108826.57522935, 684.1487831078136, 233, 0.008141112618724558, 14006045.920846075, 2052446.349323441, 67, 166, 6, 22, 59]
[4, 40, 9, 11, 11741.145781366087, 64.28571428571429, 48522082.05564557, 251.59598102927333, 145, 0.015555555555555555, 2695671.225313643, 754787.94308782, 36, 109, 7, 25, 44]
[3, 32, 0, 14, 13185.923066657939, 49.875, 32800189.658359542, 219.21597098318824, 138, 0.020050125313283207, 1822232.7587977524, 657647.9129495648, 38, 100, 8, 21, 35]
[4, 28, 5, 9, 10025.23682601753, 42.625, 18214758.802596007, 142.44190656966575, 113, 0.02346041055718475, 1011931.044588667, 427325.71970899723, 31, 82, 8, 22, 32]
[4, 26, 0, 14, 14544.348733360544, 51.11111111111111, 37994866.5676431, 247.79260804984628, 144, 0.01956521739130435, 2110825.9204246164, 743377.8241495389, 40, 104, 9, 23, 30]
[3, 32, 0, 14, 13185.923066657939, 49.875, 32800189.658359542, 219.21597098318824, 138, 0.020050125313283207, 1822232.7587977524, 657647.9129495648, 38, 100, 8, 21, 35]
[5, 24, 0, 10, 13298.957975220306, 45.0, 26930389.899821118, 199.48436962830456, 129, 0.022222222222222223, 1496132.7722122844, 598453.1088849137, 36, 93, 10, 25, 29]
[3, 32, 0, 14, 13185.923066657939, 49.875, 32800189.658359542, 219.21597098318824, 138, 0.020050125313283207, 1822232.7587977524, 657647.9129495648, 38, 100, 8, 21, 35]
[2, 19, 0, 9, 6587.353717505016, 47.916666666666664, 15124609.880903441, 105.21467743237177, 99, 0.020869565217391306, 840256.1044946356, 315644.0322971153, 25, 74, 6, 23, 21]
[5, 42, 0, 27, 45888.703532109364, 53.25, 130120286.90926684, 814.5244876949412, 245, 0.018779342723004695, 7228904.828292603, 2443573.4630848235, 71, 174, 14, 21, 47]
[5, 32, 0, 12, 17345.536831469744, 46.2, 37023007.634562284, 267.1212672046341, 149, 0.021645021645021644, 2056833.7574756825, 801363.8016139022, 42, 107, 10, 22, 37]
[2, 50, 8, 18, 15302.895836856402, 77.77777777777779, 92573073.58098316, 396.7417439184993, 177, 0.012857142857142857, 5142948.532276843, 1190225.2317554979, 56, 121, 9, 25, 52]
[3, 51, 0, 28, 15240.026768093501, 111.83333333333333, 190602358.11369962, 568.1143311883744, 214, 0.00894187779433681, 10589019.895205535, 1704342.9935651233, 61, 153, 6, 22, 54]
[3, 21, 0, 10, 6968.590855714124, 45.83333333333333, 14638880.096205015, 106.46458251785465, 100, 0.02181818181818182, 813271.1164558341, 319393.74755356397, 25, 75, 6, 22, 24]
[3, 51, 0, 28, 15240.026768093501, 111.83333333333333, 190602358.11369962, 568.1143311883744, 214, 0.00894187779433681, 10589019.895205535, 1704342.9935651233, 61, 153, 6, 22, 54]
[2, 25, 0, 12, 12804.066396172784, 53.333333333333336, 36420455.52689148, 227.6278470430717, 138, 0.01875, 2023358.6403828599, 682883.5411292152, 40, 98, 9, 24, 27]
[2, 42, 0, 20, 23831.207890706715, 80.39999999999999, 154048740.7987907, 638.6763714709399, 220, 0.012437810945273632, 8558263.377710594, 1916029.1144128197, 67, 153, 10, 24, 44]
[3, 22, 0, 11, 12520.261103817591, 40.0, 20032417.766108144, 166.93681471756787, 119, 0.025, 1112912.0981171192, 500810.4441527036, 32, 87, 10, 25, 25]
[5, 46, 0, 30, 55046.13203759919, 55.3, 168336025.9228617, 1014.683700559745, 270, 0.018083182640144666, 9352001.440158984, 3044051.101679235, 79, 191, 15, 21, 51]
[5, 55, 0, 38, 78473.02843886643, 60.529411764705884, 287510241.8866359, 1583.3087502665405, 329, 0.01652089407191448, 15972791.215924216, 4749926.250799621, 98, 231, 17, 21, 60]
[5, 50, 0, 33, 65148.36228959872, 57.09375, 212363874.79390424, 1239.8547698239256, 295, 0.01751505199781062, 11797993.04410579, 3719564.3094717767, 87, 208, 16, 21, 55]
[3, 31, 0, 16, 9594.020955521959, 67.83333333333333, 44145554.923923805, 216.93147382763541, 138, 0.014742014742014743, 2452530.829106878, 650794.4214829062, 37, 101, 6, 22, 34]
[5, 32, 0, 13, 17488.916215536585, 48.3, 40799717.75006315, 281.57155107013904, 152, 0.020703933747412008, 2266650.9861146193, 844714.6532104171, 42, 110, 10, 23, 37]
[5, 27, 0, 16, 11767.84098554223, 73.92857142857143, 64316354.38641569, 289.9932242865764, 156, 0.01352657004830918, 3573130.799245316, 869979.6728597292, 45, 111, 7, 23, 32]
[36, 130, 83, 27, 95066.15559319491, 233.7, 5192103683.369699, 7405.653520709883, 638, 0.004278990158322636, 288450204.6316499, 22216960.56212965, 246, 392, 20, 38, 166]
[2, 19, 0, 7, 7047.874483524272, 43.33333333333333, 13234342.08572891, 101.80263142868394, 99, 0.023076923076923078, 735241.2269849394, 305407.8942860518, 26, 73, 6, 20, 21]
[2, 42, 0, 20, 23714.618793022877, 81.6, 157905212.1104704, 645.0376311702222, 221, 0.012254901960784314, 8772511.783915022, 1935112.8935106667, 68, 153, 10, 24, 44]
[5, 24, 0, 9, 15005.242636636865, 37.5, 21101122.45777059, 187.5655329579608, 125, 0.02666666666666667, 1172284.580987255, 562696.5988738824, 33, 92, 11, 25, 29]
[3, 41, 0, 22, 12365.160125660143, 89.83333333333333, 99787185.69074751, 370.26785042948984, 176, 0.011131725417439703, 5543732.538374862, 1110803.5512884695, 49, 127, 6, 22, 44]
[2, 17, 0, 8, 8292.497608043179, 36.0, 10747076.900023961, 99.50997129651815, 97, 0.027777777777777776, 597059.827779109, 298529.91388955445, 24, 73, 7, 21, 19]
[4, 24, 0, 13, 10364.968683179322, 56.57142857142858, 33171284.265743848, 195.45369516852435, 131, 0.017676767676767676, 1842849.125874658, 586361.0855055731, 36, 95, 7, 22, 28]
[5, 22, 0, 12, 13494.07005683592, 36.166666666666664, 17650618.46962074, 162.67851124074414, 120, 0.027649769585253458, 980589.9149789299, 488035.53372223245, 31, 89, 9, 21, 27]
[9, 52, 7, 28, 37580.08969243354, 85.57692307692308, 275214395.75976896, 1071.9961482777517, 275, 0.011685393258426966, 15289688.653320499, 3215988.444833255, 89, 186, 13, 25, 61]
[3, 46, 0, 25, 13791.24771437883, 100.83333333333333, 140220595.68487528, 463.53915928884396, 195, 0.009917355371900827, 7790033.093604182, 1390617.4778665318, 55, 140, 6, 22, 49]
[3, 56, 0, 31, 16709.19687373222, 122.83333333333334, 252108826.57522935, 684.1487831078136, 233, 0.008141112618724558, 14006045.920846075, 2052446.349323441, 67, 166, 6, 22, 59]
[2, 25, 4, 8, 7768.921093924745, 37.14285714285714, 10717940.121414546, 96.18664211525875, 96, 0.026923076923076925, 595441.1178563636, 288559.92634577624, 26, 70, 7, 20, 27]
[2, 22, 0, 10, 10249.086010539262, 53.42857142857143, 29257166.424697757, 182.5313413305564, 127, 0.01871657754010695, 1625398.1347054308, 547594.0239916692, 34, 93, 7, 22, 24]
[8, 47, 7, 23, 31820.872856664915, 73.07692307692308, 169930992.6221307, 775.1238259956838, 237, 0.01368421052631579, 9440610.701229483, 2325371.4779870515, 76, 161, 13, 25, 55]
[2, 42, 0, 20, 23180.73805674967, 85.0, 167480832.46001637, 656.787578274574, 222, 0.011764705882352941, 9304490.692223132, 1970362.734823722, 68, 154, 10, 25, 44]
[3, 19, 0, 7, 7332.029320412018, 39.285714285714285, 11316014.63992161, 96.01466967206214, 95, 0.025454545454545455, 628667.479995645, 288044.0090161864, 25, 70, 7, 22, 22]
[3, 19, 0, 7, 8470.356445717662, 37.5, 11911438.75179046, 105.87945557147076, 98, 0.02666666666666667, 661746.5973216923, 317638.3667144123, 25, 73, 8, 24, 22]
[3, 21, 0, 10, 6968.590855714124, 45.83333333333333, 14638880.096205015, 106.46458251785465, 100, 0.02181818181818182, 813271.1164558341, 319393.74755356397, 25, 75, 6, 22, 24]
[3, 32, 0, 14, 13185.923066657939, 49.875, 32800189.658359542, 219.21597098318824, 138, 0.020050125313283207, 1822232.7587977524, 657647.9129495648, 38, 100, 8, 21, 35]
[4, 36, 0, 15, 20277.59451272534, 52.8, 56530689.086356215, 356.885663423966, 170, 0.01893939393939394, 3140593.8381309006, 1070656.990271898, 48, 122, 10, 22, 40]
[3, 32, 0, 14, 13267.258434442669, 47.5, 29934251.84271127, 210.06492521200892, 136, 0.021052631578947368, 1663013.9912617372, 630194.7756360268, 38, 98, 8, 20, 35]
[4, 24, 0, 13, 10364.968683179322, 56.57142857142858, 33171284.265743848, 195.45369516852435, 131, 0.017676767676767676, 1842849.125874658, 586361.0855055731, 36, 95, 7, 22, 28]
[2, 20, 0, 7, 7083.853994820539, 41.07142857142857, 11949485.852232352, 96.98133445290024, 95, 0.02434782608695652, 663860.3251240195, 290944.0033587007, 25, 70, 7, 23, 22]
[3, 19, 0, 7, 7625.317681277577, 39.42857142857142, 11854412.238551034, 100.21846095393387, 96, 0.025362318840579712, 658578.4576972796, 300655.3828618016, 23, 73, 7, 24, 22]
[5, 47, 0, 32, 56958.31812628659, 57.400000000000006, 187663988.229764, 1089.8024868162834, 279, 0.017421602787456445, 10425777.123875778, 3269407.4604488504, 82, 197, 15, 21, 52]
[5, 54, 0, 36, 76216.28222635902, 58.67647058823529, 262407187.42903504, 1490.7008141331983, 320, 0.017042606516290727, 14578177.079390835, 4472102.442399595, 95, 225, 17, 21, 59]
[2, 17, 0, 7, 5740.638135306832, 34.833333333333336, 6965467.066342714, 66.65518723772932, 81, 0.028708133971291867, 386970.39257459523, 199965.56171318798, 19, 62, 6, 22, 19]
[5, 43, 0, 29, 47632.83085049625, 55.5, 146721027.22724107, 881.2073707341806, 254, 0.018018018018018018, 8151168.17929117, 2643622.112202542, 74, 180, 14, 21, 48]
[2, 27, 0, 12, 12453.15184801145, 50.55555555555556, 31828564.95474779, 209.8586700313041, 132, 0.01978021978021978, 1768253.6085970993, 629576.0100939122, 35, 97, 9, 26, 29]
[3, 32, 0, 14, 13185.923066657939, 49.875, 32800189.658359542, 219.21597098318824, 138, 0.020050125313283207, 1822232.7587977524, 657647.9129495648, 38, 100, 8, 21, 35]
[3, 19, 0, 7, 7332.029320412018, 39.285714285714285, 11316014.63992161, 96.01466967206214, 95, 0.025454545454545455, 628667.479995645, 288044.0090161864, 25, 70, 7, 22, 22]
[5, 39, 8, 11, 11741.145781366087, 64.28571428571429, 48522082.05564557, 251.59598102927333, 145, 0.015555555555555555, 2695671.225313643, 754787.94308782, 36, 109, 7, 25, 44]
[37, 135, 83, 31, 119001.90294155806, 214.78260869565216, 5489744496.454832, 8519.846384511548, 677, 0.00465587044534413, 304985805.3586018, 25559539.153534643, 260, 417, 23, 38, 172]
[4, 38, 0, 24, 37654.38924771982, 50.88461538461538, 97496404.55262156, 638.6763714709399, 220, 0.019652305366591082, 5416466.919590087, 1916029.1144128197, 63, 157, 13, 21, 42]
[3, 26, 0, 13, 8258.853698000457, 56.83333333333333, 26676326.857144196, 156.4593950565642, 119, 0.017595307917888565, 1482018.158730233, 469378.1851696926, 31, 88, 6, 22, 29]
[3, 46, 0, 25, 13791.24771437883, 100.83333333333333, 140220595.68487528, 463.53915928884396, 195, 0.009917355371900827, 7790033.093604182, 1390617.4778665318, 55, 140, 6, 22, 49]
[5, 51, 0, 35, 67231.42733680274, 59.06249999999999, 234528692.95878223, 1323.6187256933035, 304, 0.016931216931216932, 13029371.831043458, 3970856.177079911, 90, 214, 16, 21, 56]
[5, 27, 0, 17, 19360.58460116374, 44.1, 37652658.538189255, 284.60059363710695, 154, 0.022675736961451247, 2091814.3632327365, 853801.7809113209, 42, 112, 10, 21, 32]
[5, 31, 0, 20, 25120.746233452992, 47.72727272727273, 57222360.99665687, 399.64823553220674, 179, 0.02095238095238095, 3179020.055369826, 1198944.7065966201, 50, 129, 11, 21, 36]
[3, 32, 0, 14, 13185.923066657939, 49.875, 32800189.658359542, 219.21597098318824, 138, 0.020050125313283207, 1822232.7587977524, 657647.9129495648, 38, 100, 8, 21, 35]
[2, 29, 0, 11, 14690.188190546618, 49.83333333333333, 36481042.06730717, 244.02034827630214, 143, 0.020066889632107024, 2026724.5592948426, 732061.0448289064, 39, 104, 9, 23, 31]
[3, 36, 0, 19, 10964.73951850688, 78.83333333333333, 68142505.77044517, 288.1289884585419, 157, 0.012684989429175475, 3785694.7650247314, 864386.9653756258, 43, 114, 6, 22, 39]
[3, 21, 0, 10, 8655.456553931004, 42.42857142857143, 15581411.574810203, 122.41288554845276, 106, 0.02356902356902357, 865633.9763783446, 367238.6566453583, 27, 79, 7, 22, 24]
[5, 35, 0, 23, 31737.00718204421, 50.75, 81740645.56030375, 536.8843714962479, 204, 0.019704433497536946, 4541146.9755724305, 1610653.1144887437, 58, 146, 12, 21, 40]
[2, 23, 0, 7, 9606.429350613602, 37.375, 13419131.09959698, 119.68009899306114, 104, 0.026755852842809364, 745507.2833109433, 359040.2969791834, 26, 78, 8, 23, 25]
[2, 16, 0, 8, 6759.895018711203, 42.16666666666667, 12019281.118130153, 95.01407998521859, 95, 0.023715415019762844, 667737.8398961197, 285042.23995565576, 23, 72, 6, 22, 18]
[3, 32, 0, 14, 13185.923066657939, 49.875, 32800189.658359542, 219.21597098318824, 138, 0.020050125313283207, 1822232.7587977524, 657647.9129495648, 38, 100, 8, 21, 35]
[3, 36, 0, 19, 10964.73951850688, 78.83333333333333, 68142505.77044517, 288.1289884585419, 157, 0.012684989429175475, 3785694.7650247314, 864386.9653756258, 43, 114, 6, 22, 39]
[9, 47, 7, 23, 31820.872856664915, 73.07692307692308, 169930992.6221307, 775.1238259956838, 237, 0.01368421052631579, 9440610.701229483, 2325371.4779870515, 76, 161, 13, 25, 56]
[3, 18, 0, 7, 7133.7008865805565, 42.714285714285715, 13015510.060432415, 101.5703126232184, 97, 0.023411371237458192, 723083.8922462453, 304710.9378696552, 26, 71, 7, 23, 21]
[4, 39, 0, 26, 39233.250126389394, 53.30769230769231, 111489521.53815608, 697.1446753227654, 229, 0.01875901875901876, 6193862.307675337, 2091434.025968296, 66, 163, 13, 21, 43]
[5, 23, 0, 14, 14432.917631379072, 39.666666666666664, 22709394.06421767, 190.83524423712328, 129, 0.025210084033613446, 1261633.0035676484, 572505.7327113699, 34, 95, 9, 21, 28]
[3, 26, 0, 13, 8258.853698000457, 56.83333333333333, 26676326.857144196, 156.4593950565642, 119, 0.017595307917888565, 1482018.158730233, 469378.1851696926, 31, 88, 6, 22, 29]
[4, 16, 0, 6, 5608.620367980384, 31.5, 5565153.560128536, 58.89051386379403, 77, 0.031746031746031744, 309175.19778491865, 176671.5415913821, 18, 59, 6, 21, 20]
[2, 17, 0, 7, 7139.730174098314, 41.14285714285714, 12085668.970620623, 97.91629953049116, 95, 0.024305555555555556, 671426.053923368, 293748.89859147347, 24, 71, 7, 24, 19]
[3, 24, 5, 7, 9172.53394705291, 41.6875, 15940466.621759465, 127.46000297258942, 107, 0.0239880059970015, 885581.478986637, 382380.00891776825, 29, 78, 8, 23, 27]
[3, 28, 0, 12, 14690.188190546618, 49.83333333333333, 36481042.06730717, 244.02034827630214, 143, 0.020066889632107024, 2026724.5592948426, 732061.0448289064, 39, 104, 9, 23, 31]
[3, 31, 0, 16, 9594.020955521959, 67.83333333333333, 44145554.923923805, 216.93147382763541, 138, 0.014742014742014743, 2452530.829106878, 650794.4214829062, 37, 101, 6, 22, 34]
[3, 41, 0, 22, 12365.160125660143, 89.83333333333333, 99787185.69074751, 370.26785042948984, 176, 0.011131725417439703, 5543732.538374862, 1110803.5512884695, 49, 127, 6, 22, 44]
[1, 41, 5, 13, 15704.283093214644, 50.400000000000006, 39891391.74206012, 263.83195596600603, 147, 0.01984126984126984, 2216188.430114451, 791495.8678980181, 42, 105, 10, 24, 42]
[5, 34, 0, 21, 30320.737800683823, 48.125, 70223302.50791186, 486.3951688859696, 195, 0.02077922077922078, 3901294.583772881, 1459185.506657909, 55, 140, 12, 21, 39]
[5, 26, 0, 15, 18263.08983037937, 40.95, 30625420.994287744, 249.29117618467842, 145, 0.02442002442002442, 1701412.2774604303, 747873.5285540352, 39, 106, 10, 21, 31]
[3, 16, 0, 7, 5740.638135306832, 34.833333333333336, 6965467.066342714, 66.65518723772932, 81, 0.028708133971291867, 386970.39257459523, 199965.56171318798, 19, 62, 6, 22, 19]
[2, 22, 0, 10, 10196.174832013046, 51.857142857142854, 27419178.804888308, 176.24816495336836, 125, 0.01928374655647383, 1523287.7113826838, 528744.4948601051, 33, 92, 7, 22, 24]
[4, 23, 1, 8, 10316.992963692635, 34.125, 12014299.509235132, 117.35579496200373, 104, 0.029304029304029304, 667461.0838463963, 352067.3848860112, 26, 78, 8, 21, 27]
[4, 25, 0, 10, 13418.428643181409, 47.27777777777777, 29992714.326606847, 211.46449583976627, 134, 0.021151586368977675, 1666261.9070337138, 634393.4875192988, 37, 97, 9, 23, 29]
[3, 32, 0, 14, 13185.923066657939, 49.875, 32800189.658359542, 219.21597098318824, 138, 0.020050125313283207, 1822232.7587977524, 657647.9129495648, 38, 100, 8, 21, 35]
[24, 91, 0, 44, 96445.09296270381, 177.5, 3038623210.1561866, 5706.334666959975, 578, 0.005633802816901409, 168812400.5642326, 17119004.000879925, 213, 365, 18, 30, 115]
[22, 86, 0, 39, 93941.08314212205, 174.16666666666666, 2849611425.5076623, 5453.80177130653, 566, 0.005741626794258373, 158311745.8615368, 16361405.31391959, 209, 357, 18, 30, 108]
[7, 26, 0, 10, 49958.5045616381, 140.46153846153845, 985653507.4305352, 2339.082803321825, 398, 0.007119386637458927, 54758528.190585285, 7017248.409965475, 166, 232, 13, 22, 33]
[43, 151, 5, 54, 226905.23771667597, 216.58928571428572, 10644333156.005426, 16381.747787295018, 908, 0.004617033555940308, 591351842.0003015, 49145243.361885056, 311, 597, 28, 39, 194]
[6, 26, 1, 19, 50221.97897975713, 167.70833333333331, 1412547653.1404996, 2807.5481304655896, 433, 0.005962732919254659, 78474869.61891665, 8422644.391396768, 175, 258, 12, 23, 32]
[9, 25, 4, 7, 62327.10260962192, 104.5, 680627542.2727238, 2171.0607409018303, 386, 0.009569377990430622, 37812641.237373546, 6513182.222705491, 165, 221, 15, 19, 34]
[37, 136, 0, 49, 209651.99218268986, 188.0, 7409940011.70499, 13138.191510115232, 825, 0.005319148936170213, 411663333.9836106, 39414574.53034569, 282, 543, 27, 36, 173]
[37, 145, 0, 54, 240370.20666240554, 191.17241379310343, 8784783933.748478, 15317.384203866395, 883, 0.005230880230880231, 488043551.8749154, 45952152.611599185, 308, 575, 29, 36, 182]
[14, 40, 5, 13, 53901.56554111003, 164.3076923076923, 1455181521.745872, 2952.1472819438727, 440, 0.006086142322097378, 80843417.87477067, 8856441.845831618, 178, 262, 13, 24, 54]
[33, 125, 5, 48, 172820.3938372507, 281.52, 13696622880.312645, 16217.465757687605, 898, 0.003552145495879511, 760923493.3507025, 48652397.27306282, 306, 592, 25, 46, 158]
[6, 26, 2, 19, 49721.15900718412, 167.70833333333331, 1398461547.9874341, 2779.5509028321676, 431, 0.005962732919254659, 77692308.22152412, 8338652.708496503, 175, 256, 12, 23, 32]
[31, 116, 6, 46, 250556.08380894345, 171.0, 7326510446.657316, 14281.696777109777, 839, 0.005847953216374269, 407028358.14762866, 42845090.33132933, 285, 554, 35, 42, 147]
[5, 26, 1, 19, 49971.23504298575, 167.70833333333331, 1405495207.8442204, 2793.530847889134, 432, 0.005962732919254659, 78083067.10245669, 8380592.543667401, 175, 257, 12, 23, 31]
[7, 17, 1, 5, 33440.323106883116, 168.88888888888889, 953833611.1869473, 1882.566337868975, 371, 0.0059210526315789476, 52990756.17705263, 5647699.0136069255, 160, 211, 9, 19, 24]
[32, 117, 5, 45, 163500.89921865897, 277.5, 12590591120.456858, 15123.833177725955, 872, 0.0036036036036036037, 699477284.4698254, 45371499.53317787, 296, 576, 24, 45, 149]
[17, 62, 0, 24, 96193.38674893229, 162.63157894736844, 2544221817.2229376, 5214.6941237579085, 553, 0.006148867313915857, 141345656.51238543, 15644082.371273726, 206, 347, 19, 30, 79]
[49, 224, 53, 60, 272056.60859841143, 180.36, 8849927913.59936, 16356.043308936496, 934, 0.005544466622310933, 491662661.8666311, 49068129.92680949, 334, 600, 25, 27, 273]
[43, 152, 6, 55, 229398.5943169567, 217.2857142857143, 10830614559.90234, 16615.012474099578, 914, 0.0046022353714661405, 601700808.8834634, 49845037.42229874, 312, 602, 28, 39, 195]
[8, 20, 3, 5, 44154.69047830786, 120.54545454545455, 641620930.210225, 1774.215744673825, 361, 0.008295625942684766, 35645607.23390139, 5322647.234021475, 156, 205, 11, 17, 28]
[24, 91, 0, 44, 96445.09296270381, 177.5, 3038623210.1561866, 5706.334666959975, 578, 0.005633802816901409, 168812400.5642326, 17119004.000879925, 213, 365, 18, 30, 115]
[6, 72, 0, 23, 154882.27859565054, 140.07407407407408, 3038905883.4946136, 7231.66392158951, 631, 0.007139079851930196, 168828104.63858965, 21694991.76476853, 244, 387, 27, 31, 78]
[18, 63, 1, 24, 96285.7422948414, 161.8421052631579, 2521999645.3924093, 5194.362413274339, 552, 0.006178861788617886, 140111091.4106894, 15583087.239823017, 205, 347, 19, 30, 81]
[30, 99, 6, 28, 140933.1460623653, 239.61904761904762, 8091999033.652284, 11256.755412473369, 775, 0.0041732909379968205, 449555501.8695713, 33770266.237420104, 272, 503, 21, 37, 129]
[24, 74, 3, 39, 93485.39870485762, 200.1176470588235, 3743816554.990086, 6236.026007724032, 607, 0.0049970605526161085, 207989808.61056033, 18708078.023172095, 243, 364, 17, 28, 98]
[37, 147, 0, 55, 241353.24131616682, 189.93103448275863, 8706528040.020588, 15280.156932982149, 882, 0.005265068990559186, 483696002.223366, 45840470.79894645, 306, 576, 29, 36, 184]
[27, 104, 5, 81, 342838.1915885312, 159.54347826086956, 8726644968.304699, 18232.532522233552, 928, 0.0062678839078893584, 484813609.35026103, 54697597.56670066, 358, 570, 46, 41, 131]
[11, 37, 3, 12, 52654.245662933834, 162.46153846153848, 1389743074.356956, 2851.42991897734, 433, 0.00615530303030303, 77207948.57538645, 8554289.75693202, 176, 257, 13, 24, 48]
[33, 122, 7, 47, 279476.3741215648, 165.28205128205127, 7634779319.598758, 15397.476133227405, 862, 0.006050263729444617, 424154406.64437544, 46192428.39968222, 293, 569, 39, 44, 155]
[43, 153, 7, 56, 231900.06281946113, 217.98214285714283, 11019013151.747843, 16850.02420736406, 920, 0.004587531744081265, 612167397.3193246, 50550072.62209218, 313, 607, 28, 39, 196]
[8, 20, 3, 5, 53822.51659831682, 104.61538461538461, 589054004.1434721, 1876.8877583002786, 367, 0.009558823529411765, 32725222.452415116, 5630663.274900836, 160, 207, 13, 17, 28]
[21, 59, 0, 28, 103434.25040389794, 154.86111111111111, 2480556442.0984955, 5339.314314830842, 568, 0.006457399103139014, 137808691.22769418, 16017942.944492526, 223, 345, 18, 25, 80]
[15, 43, 6, 14, 53818.28873572931, 174.03846153846155, 1630122926.4711795, 3122.150724733014, 450, 0.00574585635359116, 90562384.80395442, 9366452.174199043, 181, 269, 13, 25, 58]
[36, 135, 0, 48, 207318.16733835376, 186.66666666666666, 7223886364.145304, 12899.7970788309, 818, 0.005357142857142857, 401327020.23029464, 38699391.2364927, 280, 538, 27, 36, 171]
[32, 117, 6, 45, 263415.22697036335, 153.8076923076923, 6231562977.995973, 13505.09605967286, 812, 0.006501625406351588, 346197943.22199845, 40515288.17901858, 279, 533, 39, 43, 149]
[7, 28, 0, 11, 51223.15653273631, 141.66666666666666, 1028020294.3028328, 2418.871280712548, 409, 0.007058823529411765, 57112238.572379604, 7256613.842137644, 170, 239, 12, 20, 35]
[24, 91, 0, 44, 96805.40742011898, 177.5, 3049975367.530123, 5727.653272357039, 579, 0.005633802816901409, 169443075.97389573, 17182959.817071117, 213, 366, 18, 30, 115]
[31, 95, 4, 29, 141071.54092954338, 241.38095238095238, 8219500063.687835, 11350.66096780723, 778, 0.004142828960347208, 456638892.4271019, 34051982.903421685, 274, 504, 21, 37, 126]
[10, 48, 0, 8, 23164.27942016418, 53.1875, 65529665.31391532, 410.6833705533275, 182, 0.01880141010575793, 3640536.9618841843, 1232050.1116599825, 37, 145, 8, 23, 58]
[6, 34, 0, 4, 14170.164405454856, 31.944444444444443, 14459909.279486146, 150.88600987289894, 115, 0.03130434782608696, 803328.2933047859, 452658.0296186968, 25, 90, 9, 23, 40]
[6, 34, 0, 4, 14170.164405454856, 31.944444444444443, 14459909.279486146, 150.88600987289894, 115, 0.03130434782608696, 803328.2933047859, 452658.0296186968, 25, 90, 9, 23, 40]
[10, 48, 0, 11, 24900.586939625842, 56.0, 78088240.64266665, 464.8109562063491, 191, 0.017857142857142856, 4338235.591259259, 1394432.8686190473, 42, 149, 9, 24, 58]
[10, 48, 0, 11, 24900.586939625842, 56.0, 78088240.64266665, 464.8109562063491, 191, 0.017857142857142856, 4338235.591259259, 1394432.8686190473, 42, 149, 9, 24, 58]
[6, 34, 0, 4, 14170.164405454856, 31.944444444444443, 14459909.279486146, 150.88600987289894, 115, 0.03130434782608696, 803328.2933047859, 452658.0296186968, 25, 90, 9, 23, 40]
[6, 35, 1, 4, 13226.40984704552, 23.333333333333332, 7201045.361169227, 102.87207658813182, 98, 0.04285714285714286, 400058.07562051265, 308616.22976439545, 21, 77, 9, 20, 41]
[10, 48, 0, 8, 23164.27942016418, 53.1875, 65529665.31391532, 410.6833705533275, 182, 0.01880141010575793, 3640536.9618841843, 1232050.1116599825, 37, 145, 8, 23, 58]
[6, 35, 1, 4, 13226.40984704552, 23.333333333333332, 7201045.361169227, 102.87207658813182, 98, 0.04285714285714286, 400058.07562051265, 308616.22976439545, 21, 77, 9, 20, 41]
[10, 48, 0, 14, 24099.139508075834, 64.0, 98710075.42507862, 514.1149761722844, 200, 0.015625, 5483893.0791710345, 1542344.9285168534, 48, 152, 9, 24, 58]
[6, 35, 1, 4, 13226.40984704552, 23.333333333333332, 7201045.361169227, 102.87207658813182, 98, 0.04285714285714286, 400058.07562051265, 308616.22976439545, 21, 77, 9, 20, 41]
[6, 35, 1, 4, 13226.40984704552, 23.333333333333332, 7201045.361169227, 102.87207658813182, 98, 0.04285714285714286, 400058.07562051265, 308616.22976439545, 21, 77, 9, 20, 41]
[6, 35, 1, 4, 13226.40984704552, 23.333333333333332, 7201045.361169227, 102.87207658813182, 98, 0.04285714285714286, 400058.07562051265, 308616.22976439545, 21, 77, 9, 20, 41]
[6, 34, 0, 4, 14170.164405454856, 31.944444444444443, 14459909.279486146, 150.88600987289894, 115, 0.03130434782608696, 803328.2933047859, 452658.0296186968, 25, 90, 9, 23, 40]
[6, 34, 0, 4, 14170.164405454856, 31.944444444444443, 14459909.279486146, 150.88600987289894, 115, 0.03130434782608696, 803328.2933047859, 452658.0296186968, 25, 90, 9, 23, 40]
[10, 48, 0, 14, 24099.139508075834, 64.0, 98710075.42507862, 514.1149761722844, 200, 0.015625, 5483893.0791710345, 1542344.9285168534, 48, 152, 9, 24, 58]
[10, 48, 0, 14, 24099.139508075834, 64.0, 98710075.42507862, 514.1149761722844, 200, 0.015625, 5483893.0791710345, 1542344.9285168534, 48, 152, 9, 24, 58]
[6, 34, 0, 4, 14170.164405454856, 31.944444444444443, 14459909.279486146, 150.88600987289894, 115, 0.03130434782608696, 803328.2933047859, 452658.0296186968, 25, 90, 9, 23, 40]
[10, 48, 0, 11, 24900.586939625842, 56.0, 78088240.64266665, 464.8109562063491, 191, 0.017857142857142856, 4338235.591259259, 1394432.8686190473, 42, 149, 9, 24, 58]
[10, 48, 0, 14, 24099.139508075834, 64.0, 98710075.42507862, 514.1149761722844, 200, 0.015625, 5483893.0791710345, 1542344.9285168534, 48, 152, 9, 24, 58]
[10, 48, 0, 8, 23164.27942016418, 53.1875, 65529665.31391532, 410.6833705533275, 182, 0.01880141010575793, 3640536.9618841843, 1232050.1116599825, 37, 145, 8, 23, 58]
[10, 48, 0, 8, 23164.27942016418, 53.1875, 65529665.31391532, 410.6833705533275, 182, 0.01880141010575793, 3640536.9618841843, 1232050.1116599825, 37, 145, 8, 23, 58]
[10, 48, 0, 8, 23164.27942016418, 53.1875, 65529665.31391532, 410.6833705533275, 182, 0.01880141010575793, 3640536.9618841843, 1232050.1116599825, 37, 145, 8, 23, 58]
[10, 48, 0, 14, 24099.139508075834, 64.0, 98710075.42507862, 514.1149761722844, 200, 0.015625, 5483893.0791710345, 1542344.9285168534, 48, 152, 9, 24, 58]
[10, 48, 0, 11, 24900.586939625842, 56.0, 78088240.64266665, 464.8109562063491, 191, 0.017857142857142856, 4338235.591259259, 1394432.8686190473, 42, 149, 9, 24, 58]
[6, 35, 1, 4, 13226.40984704552, 23.333333333333332, 7201045.361169227, 102.87207658813182, 98, 0.04285714285714286, 400058.07562051265, 308616.22976439545, 21, 77, 9, 20, 41]
[6, 35, 1, 4, 13226.40984704552, 23.333333333333332, 7201045.361169227, 102.87207658813182, 98, 0.04285714285714286, 400058.07562051265, 308616.22976439545, 21, 77, 9, 20, 41]
[6, 34, 0, 4, 14170.164405454856, 31.944444444444443, 14459909.279486146, 150.88600987289894, 115, 0.03130434782608696, 803328.2933047859, 452658.0296186968, 25, 90, 9, 23, 40]
[10, 48, 0, 11, 24900.586939625842, 56.0, 78088240.64266665, 464.8109562063491, 191, 0.017857142857142856, 4338235.591259259, 1394432.8686190473, 42, 149, 9, 24, 58]
[6, 35, 1, 4, 13226.40984704552, 23.333333333333332, 7201045.361169227, 102.87207658813182, 98, 0.04285714285714286, 400058.07562051265, 308616.22976439545, 21, 77, 9, 20, 41]
[10, 48, 0, 8, 23164.27942016418, 53.1875, 65529665.31391532, 410.6833705533275, 182, 0.01880141010575793, 3640536.9618841843, 1232050.1116599825, 37, 145, 8, 23, 58]
[10, 48, 0, 8, 23164.27942016418, 53.1875, 65529665.31391532, 410.6833705533275, 182, 0.01880141010575793, 3640536.9618841843, 1232050.1116599825, 37, 145, 8, 23, 58]
[10, 48, 0, 14, 24099.139508075834, 64.0, 98710075.42507862, 514.1149761722844, 200, 0.015625, 5483893.0791710345, 1542344.9285168534, 48, 152, 9, 24, 58]
[10, 48, 0, 11, 24900.586939625842, 56.0, 78088240.64266665, 464.8109562063491, 191, 0.017857142857142856, 4338235.591259259, 1394432.8686190473, 42, 149, 9, 24, 58]
[10, 48, 0, 14, 24099.139508075834, 64.0, 98710075.42507862, 514.1149761722844, 200, 0.015625, 5483893.0791710345, 1542344.9285168534, 48, 152, 9, 24, 58]
[10, 48, 0, 14, 24099.139508075834, 64.0, 98710075.42507862, 514.1149761722844, 200, 0.015625, 5483893.0791710345, 1542344.9285168534, 48, 152, 9, 24, 58]
[10, 48, 0, 8, 23164.27942016418, 53.1875, 65529665.31391532, 410.6833705533275, 182, 0.01880141010575793, 3640536.9618841843, 1232050.1116599825, 37, 145, 8, 23, 58]
[10, 48, 0, 11, 24900.586939625842, 56.0, 78088240.64266665, 464.8109562063491, 191, 0.017857142857142856, 4338235.591259259, 1394432.8686190473, 42, 149, 9, 24, 58]
[6, 34, 0, 4, 14170.164405454856, 31.944444444444443, 14459909.279486146, 150.88600987289894, 115, 0.03130434782608696, 803328.2933047859, 452658.0296186968, 25, 90, 9, 23, 40]
[10, 48, 0, 11, 24900.586939625842, 56.0, 78088240.64266665, 464.8109562063491, 191, 0.017857142857142856, 4338235.591259259, 1394432.8686190473, 42, 149, 9, 24, 58]
[4, 42, 6, 21, 20690.765483106337, 62.10000000000001, 79792074.91670612, 428.2988455003012, 184, 0.01610305958132045, 4432893.050928118, 1284896.5365009035, 54, 130, 10, 23, 46]
[5, 36, 6, 16, 14609.333886629895, 48.888888888888886, 34918111.610512935, 238.07803370804274, 142, 0.020454545454545454, 1939895.089472941, 714234.1011241282, 40, 102, 9, 22, 41]
[5, 27, 0, 15, 14295.634218315676, 47.666666666666664, 32481269.347815245, 227.1417436910157, 139, 0.02097902097902098, 1804514.9637675136, 681425.2310730472, 39, 100, 9, 22, 32]
[4, 42, 6, 21, 20690.765483106337, 62.10000000000001, 79792074.91670612, 428.2988455003012, 184, 0.01610305958132045, 4432893.050928118, 1284896.5365009035, 54, 130, 10, 23, 46]
[8, 64, 0, 27, 46260.60694128315, 102.6923076923077, 487850947.9640732, 1583.536160682385, 324, 0.009737827715355805, 27102830.44244851, 4750608.482047155, 89, 235, 13, 30, 72]
[7, 55, 0, 23, 31693.20481126287, 70.38461538461539, 157007949.10123995, 743.5713436488596, 229, 0.014207650273224045, 8722663.838957775, 2230714.030946579, 61, 168, 13, 30, 62]
[9, 82, 0, 37, 72754.77240120247, 133.92857142857142, 1304992330.2192726, 3247.9809107679675, 450, 0.007466666666666667, 72499573.9010707, 9743942.732303903, 125, 325, 14, 30, 91]
[5, 28, 1, 13, 16124.791847773797, 52.49999999999999, 44443957.53042652, 282.1838573360414, 151, 0.01904761904761905, 2469108.751690362, 846551.5720081242, 42, 109, 10, 25, 33]
[4, 30, 0, 11, 15441.951749679993, 41.45454545454546, 26536675.033235203, 213.379696904669, 133, 0.02412280701754386, 1474259.7240686223, 640139.090714007, 38, 95, 11, 24, 34]
[6, 37, 0, 15, 17357.124361048314, 64.81818181818181, 72924164.91158488, 375.0190808917409, 168, 0.015427769985974754, 4051342.495088049, 1125057.2426752227, 46, 122, 11, 31, 43]
[8, 61, 0, 19, 36355.02311857896, 69.64285714285714, 176326499.24540368, 843.9558938241544, 242, 0.014358974358974359, 9795916.624744648, 2531867.681472463, 65, 177, 14, 30, 69]
[5, 28, 1, 13, 13775.749589250021, 49.2, 33346130.485722173, 225.92229326370037, 137, 0.02032520325203252, 1852562.804762343, 677766.8797911011, 41, 96, 10, 24, 33]
[4, 31, 1, 11, 11110.010807001769, 46.0, 23508782.867615744, 170.3534990406938, 122, 0.021739130434782608, 1306043.492645319, 511060.4971220814, 32, 90, 8, 23, 35]
[5, 32, 0, 13, 16150.962823048985, 60.0, 58143466.16297635, 323.0192564609797, 160, 0.016666666666666666, 3230192.564609797, 969057.7693829391, 40, 120, 9, 27, 37]
[7, 52, 0, 17, 28952.19119282403, 65.76923076923077, 125235358.38304253, 634.7211146119114, 213, 0.0152046783625731, 6957519.91016903, 1904163.3438357343, 57, 156, 13, 30, 59]
[7, 48, 0, 19, 28246.79457199523, 76.25, 164228629.066241, 717.939362038212, 226, 0.013114754098360656, 9123812.725902278, 2153818.086114636, 61, 165, 12, 30, 55]
[9, 73, 0, 31, 42503.61792340491, 91.15384615384615, 353163567.32836246, 1291.4560830573032, 295, 0.010970464135021098, 19620198.184909027, 3874368.2491719094, 79, 216, 13, 30, 82]
[6, 38, 0, 15, 17660.74392388651, 66.22727272727273, 77460935.0786747, 389.87430147125224, 171, 0.015099519560741249, 4303385.282148595, 1169622.9044137567, 47, 124, 11, 31, 44]
[4, 24, 0, 11, 9572.305328059196, 51.0, 24897566.158281967, 162.7291905770063, 119, 0.0196078431372549, 1383198.1199045538, 488187.57173101895, 34, 85, 8, 24, 28]
[5, 32, 0, 13, 16677.241442333903, 63.0, 66191971.284623265, 350.222070289012, 166, 0.015873015873015872, 3677331.738034626, 1050666.210867036, 42, 124, 9, 27, 37]
[4, 27, 0, 11, 11099.417877950595, 50.3125, 28096485.431089584, 186.14648732812975, 127, 0.01987577639751553, 1560915.8572827547, 558439.4619843892, 35, 92, 8, 23, 31]
[4, 24, 1, 10, 10696.994035877391, 40.333333333333336, 17401632.186586764, 143.81514203790715, 113, 0.024793388429752067, 966757.3436992647, 431445.42611372145, 33, 80, 9, 22, 28]
[9, 70, 0, 21, 44654.11517035786, 73.0, 237961779.74283704, 1086.5834691453745, 271, 0.0136986301369863, 13220098.874602057, 3259750.4074361236, 73, 198, 15, 30, 79]
[6, 38, 0, 15, 17660.74392388651, 66.22727272727273, 77460935.0786747, 389.87430147125224, 171, 0.015099519560741249, 4303385.282148595, 1169622.9044137567, 47, 124, 11, 31, 44]
[6, 46, 6, 21, 29030.744157769997, 66.0, 126457921.55124609, 638.6763714709399, 220, 0.015151515151515152, 7025440.086180339, 1916029.1144128197, 72, 148, 12, 22, 52]
[6, 46, 0, 19, 26455.45476752467, 60.0, 95239637.16308881, 529.1090953504934, 196, 0.016666666666666666, 5291090.953504934, 1587327.28605148, 52, 144, 13, 30, 52]
[6, 43, 0, 15, 22424.796160829537, 61.24999999999999, 84128024.34711204, 457.839588283603, 184, 0.0163265306122449, 4673779.1303951135, 1373518.764850809, 49, 135, 12, 30, 49]
[4, 27, 0, 11, 11097.513440729226, 48.125, 25702014.5273764, 178.02261144503132, 125, 0.02077922077922078, 1427889.6959653555, 534067.834335094, 35, 90, 8, 22, 31]
[8, 64, 0, 27, 37047.44406992564, 80.76923076923076, 241685249.03605333, 997.4311864979979, 262, 0.012380952380952381, 13426958.27978074, 2992293.559493994, 70, 192, 13, 30, 72]
[10, 102, 0, 49, 109522.42954809203, 169.0, 3128070110.3230567, 6169.763531209184, 604, 0.005917159763313609, 173781672.79572538, 18509290.593627553, 169, 435, 15, 30, 112]
[6, 37, 0, 15, 17357.124361048314, 64.81818181818181, 72924164.91158488, 375.0190808917409, 168, 0.015427769985974754, 4051342.495088049, 1125057.2426752227, 46, 122, 11, 31, 43]
[4, 30, 0, 11, 16293.59519754824, 38.0, 23527951.46525966, 206.38553916894438, 132, 0.02631578947368421, 1307108.4147366479, 619156.6175068332, 38, 94, 11, 22, 34]
[5, 25, 7, 9, 36876.6817343409, 204.20833333333331, 1537796105.5541723, 2510.175238611177, 403, 0.004896959804121608, 85433116.9752318, 7530525.715833531, 169, 234, 12, 29, 30]
[6, 73, 37, 18, 71691.48866057438, 149.83333333333331, 1609475911.8601353, 3580.591572547576, 467, 0.006674082313681869, 89415328.43667418, 10741774.717642728, 186, 281, 18, 29, 79]
[6, 51, 32, 9, 44567.93562045158, 146.84615384615384, 961053733.6735792, 2181.543310242104, 384, 0.006809848088004191, 53391874.09297662, 6544629.930726312, 166, 218, 13, 23, 57]
[3, 32, 0, 16, 74079.84447424112, 183.93749999999997, 2506343667.4713917, 4542.020464326908, 527, 0.0054366292898402994, 139241314.85952175, 13626061.392980725, 218, 309, 16, 27, 35]
[4, 54, 28, 14, 54236.62390698013, 158.4, 1360827266.3355196, 2863.6937422885508, 427, 0.006313131313131313, 75601514.79641776, 8591081.226865653, 176, 251, 15, 27, 58]
[3, 32, 0, 15, 70730.72090500772, 137.25, 1332394375.7181396, 3235.9304814041034, 448, 0.007285974499089253, 74021909.76211888, 9707791.44421231, 183, 265, 18, 27, 35]
[4, 17, 0, 8, 33511.80628199173, 189.0909090909091, 1198227096.6810663, 2112.2593050467513, 377, 0.005288461538461539, 66568172.03783701, 6336777.915140254, 160, 217, 11, 26, 21]
[3, 25, 0, 13, 39951.695075984215, 212.23076923076923, 1799500230.8029172, 2826.3263260164217, 422, 0.004711852120333454, 99972235.0446065, 8478978.978049265, 178, 244, 13, 31, 28]
[2, 21, 0, 10, 11026.488229407509, 38.0, 15922249.003264444, 139.66885090582846, 112, 0.02631578947368421, 884569.3890702468, 419006.55271748535, 38, 74, 10, 20, 23]
[4, 72, 32, 21, 73572.70731764012, 162.52631578947367, 1943408593.8170161, 3985.833687664433, 486, 0.006152849740932643, 107967144.10094534, 11957501.0629933, 193, 293, 19, 32, 76]
[1, 19, 0, 15, 48676.00622833573, 181.0, 1594674640.0465071, 2936.7857091095893, 432, 0.0055248618784530384, 88593035.55813928, 8810357.127328768, 181, 251, 14, 28, 20]
[8, 55, 32, 12, 49526.16876559266, 162.4, 1306191288.7432368, 2681.016602510749, 413, 0.006157635467980296, 72566182.7079576, 8043049.807532247, 174, 239, 15, 28, 63]
[4, 22, 0, 12, 41134.04284896164, 212.3076923076923, 1854098726.664202, 2911.0245708495927, 429, 0.004710144927536232, 103005484.8146779, 8733073.712548777, 184, 245, 13, 30, 26]
[3, 30, 0, 14, 63605.850439072434, 148.23529411764704, 1397656029.8556592, 3142.8773158129907, 442, 0.006746031746031746, 77647557.2142033, 9428631.947438972, 180, 262, 17, 28, 33]
[1, 18, 4, 7, 3453.691185523673, 22.4, 1732924.0892483583, 25.787560851910094, 56, 0.044642857142857144, 96273.56051379768, 77362.68255573028, 16, 40, 5, 14, 19]
[5, 40, 8, 19, 75282.98676019553, 156.6315789473684, 1846951506.22899, 3930.564361374419, 484, 0.006384408602150538, 102608417.01272167, 11791693.084123258, 192, 292, 19, 31, 45]
[5, 37, 9, 15, 68030.55176368143, 155.83333333333334, 1652055808.766789, 3533.8092166134525, 463, 0.006417112299465241, 91780878.2648216, 10601427.649840357, 187, 276, 18, 30, 42]
[1, 15, 0, 7, 28921.810764762147, 231.0, 1543296744.218473, 2226.979428886685, 385, 0.004329004329004329, 85738708.01213738, 6680938.286660056, 165, 220, 10, 28, 16]
[10, 32, 9, 12, 41424.538445873404, 211.03846153846152, 1844934289.5516388, 2914.0569545193252, 428, 0.004738472753781666, 102496349.41953549, 8742170.863557976, 177, 251, 13, 31, 42]
[8, 28, 3, 23, 68129.54966664524, 192.35294117647058, 2520769763.427235, 4368.306419802548, 512, 0.005198776758409786, 140042764.6348464, 13104919.259407643, 218, 294, 17, 30, 36]
[2, 18, 0, 10, 9103.320011244316, 25.363636363636367, 5856293.661117925, 76.96443282233831, 86, 0.03942652329749104, 325349.64783988474, 230893.29846701495, 31, 55, 11, 18, 20]
[3, 28, 0, 12, 46595.17121209681, 198.21428571428572, 1830673164.8732297, 3078.609526513539, 439, 0.005045045045045045, 101704064.71517943, 9235828.579540618, 185, 254, 14, 30, 31]
[4, 64, 29, 20, 58557.3639404787, 179.21875, 1880825073.641827, 3498.1925229025555, 462, 0.005579773321708806, 104490281.86899039, 10494577.568707667, 185, 277, 16, 31, 68]
[1, 19, 0, 15, 49603.13971145717, 183.0, 1661159545.796989, 3025.791522398887, 438, 0.00546448087431694, 92286641.43316606, 9077374.567196662, 183, 255, 14, 28, 20]
[4, 66, 33, 18, 58139.62373665762, 168.75, 1655616629.0634143, 3270.353835186991, 449, 0.005925925925925926, 91978701.61463413, 9811061.505560974, 180, 269, 16, 30, 70]
[5, 60, 35, 15, 56141.465523995466, 159.3, 1424673338.455016, 2981.1118193241596, 435, 0.006277463904582548, 79148518.80305643, 8943335.457972478, 177, 258, 15, 27, 65]
[6, 62, 32, 19, 70247.21900166324, 146.61111111111111, 1509951180.508896, 3433.0076100998017, 458, 0.006820765441455097, 83886176.69493867, 10299022.830299405, 182, 276, 18, 29, 68]
[10, 30, 6, 11, 43885.80076363095, 180.69230769230768, 1432858670.647122, 2643.2755383017716, 414, 0.005534269902085994, 79603259.48039566, 7929826.6149053145, 174, 240, 13, 27, 40]
[4, 55, 28, 12, 67405.25542295596, 117.02941176470588, 923174506.5517998, 2629.4657973327626, 413, 0.008544860517718019, 51287472.5862111, 7888397.391998288, 173, 240, 17, 23, 59]
[3, 29, 0, 14, 53010.24034205627, 179.2, 1702298764.4179296, 3166.478356432161, 446, 0.005580357142857143, 94572153.57877387, 9499435.069296483, 192, 254, 15, 28, 32]
[4, 56, 28, 12, 68819.40455229532, 126.38888888888889, 1099331576.191276, 2899.336025119849, 427, 0.007912087912087912, 61073976.45507089, 8698008.075359548, 175, 252, 18, 26, 60]
[5, 23, 5, 8, 40113.65891650935, 165.0, 1092094364.001967, 2206.2512404080144, 386, 0.006060606060606061, 60671909.11122039, 6618753.721224043, 165, 221, 12, 24, 28]
[3, 52, 28, 14, 49815.570290356416, 168.75, 1418576200.846478, 2802.125828832549, 424, 0.005925925925925926, 78809788.93591544, 8406377.486497646, 175, 249, 14, 27, 55]
[6, 37, 5, 17, 70908.94716891227, 148.55555555555554, 1564872046.6887078, 3511.3060135124338, 464, 0.006731488406881077, 86937335.92715043, 10533918.040537301, 191, 273, 18, 28, 43]
[10, 90, 35, 31, 120118.59442876252, 141.24, 2396214321.1402054, 5655.183425706139, 563, 0.007080147267063155, 133123017.84112252, 16965550.27711842, 214, 349, 25, 33, 100]
[3, 29, 3, 14, 58252.801340730606, 147.65625, 1270049021.4186022, 2867.1300659890844, 426, 0.006772486772486773, 70558278.96770012, 8601390.197967254, 175, 251, 16, 27, 32]
[4, 41, 0, 15, 73791.1053208889, 173.33333333333331, 2217012764.3075957, 4263.486085206915, 505, 0.0057692307692307696, 123167375.79486643, 12790458.255620744, 208, 297, 18, 30, 45]
[6, 65, 35, 17, 70553.04071156503, 143.11111111111111, 1444982019.3852658, 3365.641349499843, 455, 0.006987577639751553, 80276778.85473698, 10096924.048499528, 184, 271, 18, 28, 71]
[2, 30, 4, 14, 11611.725074728489, 30.545454545454543, 10834027.388731796, 118.22847348814462, 103, 0.03273809523809524, 601890.4104850998, 354685.42046443385, 32, 71, 11, 21, 32]
[2, 27, 6, 10, 7706.642641635802, 33.25, 8520175.105493482, 85.41528927813015, 91, 0.03007518796992481, 473343.06141630455, 256245.86783439043, 28, 63, 8, 19, 29]
[4, 54, 31, 12, 54810.44535286484, 129.56666666666666, 920131508.4706203, 2367.202234295396, 396, 0.007718034473887317, 51118417.13725668, 7101606.7028861875, 169, 227, 15, 23, 58]
[9, 27, 3, 23, 64809.70930731125, 186.375, 2251206771.5094814, 4026.303190716711, 497, 0.0053655264922870555, 125067042.86163786, 12078909.572150134, 213, 284, 16, 28, 36]
[3, 22, 3, 11, 49629.303800618385, 178.83333333333331, 1587212686.5406156, 2958.4579432257515, 431, 0.005591798695246971, 88178482.58558975, 8875373.829677254, 185, 246, 15, 29, 25]
[3, 39, 4, 20, 62457.87707307991, 164.1176470588235, 1682278065.4829109, 3416.8132751743715, 457, 0.0060931899641577065, 93459892.52682838, 10250439.825523114, 186, 271, 17, 30, 42]
[3, 24, 0, 12, 55232.967960520626, 145.83333333333334, 1174659474.8548224, 2684.9359425253083, 417, 0.006857142857142857, 65258859.7141568, 8054807.827575925, 175, 242, 15, 25, 27]
[6, 71, 40, 17, 74085.70174702947, 137.05263157894737, 1391583135.117688, 3384.5467956011357, 455, 0.007296466973886329, 77310174.17320488, 10153640.386803407, 186, 269, 19, 28, 77]
[3, 22, 0, 9, 39490.77129736701, 192.96153846153845, 1470405512.4077406, 2540.066661524235, 404, 0.00518237990831174, 81689195.13376337, 7620199.984572704, 173, 231, 13, 29, 25]
[4, 61, 32, 13, 72039.53563315497, 124.30555555555554, 1113145621.731249, 2984.971499614523, 434, 0.008044692737430168, 61841423.42951384, 8954914.49884357, 179, 255, 18, 25, 65]
[3, 42, 6, 20, 66936.17078992123, 170.2941176470588, 1941154743.2339087, 3799.612047780823, 480, 0.0058721934369602765, 107841930.17966159, 11398836.143342469, 193, 287, 17, 30, 45]
[1, 23, 0, 14, 40251.22166677893, 201.92307692307693, 1641160202.9446664, 2709.2168429562744, 415, 0.004952380952380952, 91175566.83025925, 8127650.528868823, 175, 240, 13, 30, 24]
[3, 35, 4, 18, 64642.00729204463, 156.94117647058823, 1592167085.5169797, 3381.664224611276, 456, 0.006371814092953523, 88453726.97316554, 10144992.673833828, 184, 272, 17, 29, 38]
[3, 22, 0, 12, 45138.8131856805, 178.0, 1430178156.975101, 2678.236249017043, 414, 0.0056179775280898875, 79454342.05417228, 8034708.747051129, 178, 236, 14, 28, 25]
[4, 59, 28, 18, 61434.205197000905, 167.76470588235296, 1729065492.6944861, 3435.497121996992, 457, 0.005960729312762973, 96059194.03858256, 10306491.365990976, 184, 273, 17, 31, 63]
[5, 36, 5, 17, 65226.34479321424, 163.76470588235293, 1749297441.6248949, 3560.591056947224, 467, 0.00610632183908046, 97183191.20138305, 10681773.170841672, 192, 275, 17, 29, 41]
[3, 34, 0, 10, 20966.471378791142, 35.0, 25683927.43901915, 244.60883275256333, 141, 0.02857142857142857, 1426884.8577232861, 733826.49825769, 50, 91, 15, 21, 37]
[5, 36, 5, 17, 67168.04228526122, 158.11764705882354, 1679281008.0192335, 3540.1509345643562, 467, 0.006324404761904762, 93293389.33440186, 10620452.80369307, 192, 275, 17, 28, 41]
[3, 26, 0, 10, 46808.03219734492, 178.0, 1483065692.1406765, 2777.2765770424653, 421, 0.0056179775280898875, 82392538.45225981, 8331829.731127395, 178, 243, 14, 28, 29]
[6, 67, 38, 17, 68985.7084818982, 145.26315789473685, 1455693997.0407414, 3340.3606212287546, 450, 0.006884057971014493, 80871888.72448564, 10021081.863686264, 184, 266, 19, 30, 73]
[1, 29, 6, 14, 40994.26088043872, 207.69230769230768, 1768332318.4520605, 2838.0642147996036, 424, 0.004814814814814815, 98240684.3584478, 8514192.64439881, 180, 244, 13, 30, 30]
[3, 25, 0, 12, 43216.387924039154, 213.46153846153848, 1969190516.3168879, 3075.012217672017, 440, 0.0046846846846846845, 109399473.12871599, 9225036.653016051, 185, 255, 13, 30, 28]
[1, 15, 0, 7, 31650.44502628195, 194.4, 1196113362.1484306, 2050.9488377030702, 376, 0.0051440329218107, 66450742.341579475, 6152846.513109211, 162, 214, 10, 24, 16]
[2, 25, 0, 12, 12644.822419146849, 36.81818181818182, 17141049.564467456, 155.18645696225678, 118, 0.027160493827160494, 952280.5313593032, 465559.37088677037, 45, 73, 11, 18, 27]
[1, 29, 6, 14, 40304.43948660635, 215.8076923076923, 1877097050.417016, 2899.336025119849, 427, 0.004633755123863839, 104283169.467612, 8698008.075359548, 181, 246, 13, 31, 30]
[10, 40, 7, 18, 59068.70171453621, 180.0, 1913825935.550973, 3544.1221028721725, 466, 0.005555555555555556, 106323663.08616516, 10632366.308616517, 192, 274, 16, 30, 50]
[1, 23, 0, 14, 45324.204498310144, 165.3846153846154, 1239710859.724489, 2498.6420428555593, 406, 0.0060465116279069765, 68872825.54024939, 7495926.128566678, 172, 234, 13, 25, 24]
[5, 48, 8, 23, 66154.76939559048, 171.42857142857142, 1944140161.829598, 3780.272536890885, 490, 0.005833333333333334, 108007786.768311, 11340817.610672655, 192, 298, 14, 25, 53]
[5, 52, 13, 19, 65070.277726162116, 162.93333333333334, 1727438304.0717204, 3534.0390836164493, 472, 0.0061374795417348605, 95968794.67065114, 10602117.250849348, 188, 284, 15, 26, 57]
[7, 47, 0, 22, 94836.37104682966, 137.33333333333334, 1788656107.4414504, 4341.398319032647, 508, 0.007281553398058253, 99369783.74674724, 13024194.95709794, 206, 302, 21, 28, 54]
[8, 64, 8, 28, 84356.57539877076, 157.23529411764707, 2085542359.5410511, 4421.276981194397, 519, 0.006359895248784137, 115863464.41894728, 13263830.94358319, 198, 321, 17, 27, 72]
[5, 52, 13, 19, 65070.277726162116, 162.93333333333334, 1727438304.0717204, 3534.0390836164493, 472, 0.0061374795417348605, 95968794.67065114, 10602117.250849348, 188, 284, 15, 26, 57]
[5, 40, 6, 17, 59024.22950355823, 159.82142857142858, 1507649344.3267772, 3144.44555986218, 450, 0.006256983240223463, 83758296.90704317, 9433336.679586539, 179, 271, 14, 25, 45]
[8, 65, 9, 28, 84356.57539877076, 157.23529411764707, 2085542359.5410511, 4421.276981194397, 519, 0.006359895248784137, 115863464.41894728, 13263830.94358319, 198, 321, 17, 27, 73]
[8, 78, 9, 36, 99893.4443495018, 158.88888888888889, 2521877831.4851384, 5290.652793325466, 564, 0.006293706293706294, 140104323.97139657, 15871958.379976397, 220, 344, 18, 26, 86]
[6, 33, 6, 10, 50825.60569544592, 146.84615384615384, 1095992835.2035818, 2487.848237759135, 408, 0.006809848088004191, 60888490.84464344, 7463544.713277404, 166, 242, 13, 23, 39]
[17, 69, 0, 32, 111498.73760722506, 156.66666666666669, 2736674570.8262243, 5822.711852821753, 582, 0.006382978723404255, 152037476.15701246, 17468135.55846526, 235, 347, 21, 28, 86]
[8, 78, 9, 36, 99893.4443495018, 158.88888888888889, 2521877831.4851384, 5290.652793325466, 564, 0.006293706293706294, 140104323.97139657, 15871958.379976397, 220, 344, 18, 26, 86]
[5, 39, 6, 16, 58265.31117679334, 158.0357142857143, 1455192868.1901774, 3069.333356634649, 445, 0.006327683615819209, 80844048.23278764, 9208000.069903947, 177, 268, 14, 25, 44]
[5, 48, 8, 23, 66154.76939559048, 171.42857142857142, 1944140161.829598, 3780.272536890885, 490, 0.005833333333333334, 108007786.768311, 11340817.610672655, 192, 298, 14, 25, 53]
[23, 92, 3, 41, 93422.28952286656, 235.23529411764707, 5169582517.204055, 7325.406584351831, 649, 0.0042510627656914225, 287199028.7335586, 21976219.753055494, 258, 391, 17, 31, 115]
[11, 73, 12, 30, 77617.76907922365, 193.61111111111111, 2909522436.621031, 5009.220837798045, 539, 0.005164992826398852, 161640135.36783504, 15027662.513394134, 205, 334, 18, 34, 84]
[11, 74, 0, 32, 99152.97551580898, 192.52631578947367, 3675242093.822497, 6363.185691874198, 605, 0.00519409513395298, 204180116.32347205, 19089557.075622592, 236, 369, 19, 31, 85]
[15, 68, 9, 35, 75685.91298380395, 217.0, 3563973956.494344, 5474.614372495153, 567, 0.004608294930875576, 197998553.1385747, 16423843.117485458, 217, 350, 16, 32, 83]
[10, 76, 12, 32, 78970.50586530131, 196.44444444444443, 3047504969.45555, 5171.1057174019525, 547, 0.005090497737556561, 169305831.63641945, 15513317.152205857, 208, 339, 18, 34, 86]
[7, 29, 0, 12, 55740.2541502754, 150.0, 1254155718.3811965, 2787.0127075137702, 427, 0.006666666666666667, 69675317.68784425, 8361038.12254131, 175, 252, 14, 24, 36]
[10, 29, 1, 21, 50741.285429576244, 189.0, 1812529456.829893, 3196.7009820633034, 452, 0.005291005291005291, 100696080.93499406, 9590102.94618991, 182, 270, 13, 27, 39]
[8, 30, 4, 8, 61394.32110669409, 119.0, 869404981.1918951, 2435.3080705655325, 404, 0.008403361344537815, 48300276.732883066, 7305924.211696598, 170, 234, 15, 21, 38]
[10, 52, 6, 22, 71046.73802263106, 164.61764705882354, 1925293402.6062214, 3898.5156148300593, 487, 0.006074682865820975, 106960744.58923453, 11695546.844490178, 193, 294, 17, 29, 62]
[34, 139, 6, 53, 273258.33412012656, 186.11627906976744, 9465469033.559155, 16952.60812374708, 888, 0.005372985130576034, 525859390.75328636, 50857824.371241234, 302, 586, 43, 53, 173]
[38, 151, 7, 55, 326718.2958441842, 173.45454545454547, 9829803257.538034, 18890.25783244556, 938, 0.005765199161425576, 546100180.9743352, 56670773.49733668, 318, 620, 44, 48, 189]
[14, 49, 5, 17, 58364.13069408491, 181.73333333333332, 1927592403.8296788, 3535.5693393794545, 468, 0.005502567865003668, 107088466.8794266, 10606708.018138364, 188, 280, 15, 29, 63]
[10, 29, 2, 21, 50815.16888903841, 186.9230769230769, 1775494028.2419107, 3166.175907701624, 450, 0.005349794238683128, 98638557.1245506, 9498527.723104872, 180, 270, 13, 27, 39]
[10, 53, 7, 23, 66048.57453762734, 177.625, 2083874839.0302057, 3910.626017415352, 489, 0.005629838142153413, 115770824.39056699, 11731878.052246056, 196, 293, 16, 29, 63]
[9, 29, 1, 21, 51363.0684264734, 192.1153846153846, 1895724617.3331687, 3289.211881926085, 458, 0.005205205205205205, 105318034.29628715, 9867635.645778256, 185, 273, 13, 27, 38]
[8, 28, 3, 7, 57684.949523230665, 120.0, 830663273.1345216, 2307.397980929227, 397, 0.008333333333333333, 46147959.618584536, 6922193.94278768, 168, 229, 14, 20, 36]
[9, 34, 5, 9, 66127.38782778257, 118.25, 924663396.9576228, 2606.521203545096, 414, 0.008456659619450317, 51370188.71986793, 7819563.610635288, 172, 242, 16, 22, 43]
[12, 50, 4, 17, 59404.94990500971, 182.7, 1982895050.3147914, 3617.761449215091, 473, 0.005473453749315818, 110160836.12859952, 10853284.347645273, 189, 284, 15, 29, 62]
[7, 31, 0, 13, 57008.433302993595, 151.46153846153848, 1307807530.0994518, 2878.195004451138, 438, 0.006602336211274758, 72655973.894414, 8634585.013353415, 179, 259, 13, 22, 38]
[15, 67, 9, 34, 76940.61456718239, 208.28125, 3337766886.6617713, 5341.762459273653, 562, 0.004801200300075019, 185431493.70343173, 16025287.377820957, 215, 347, 16, 31, 82]
[3, 25, 0, 17, 64635.45364838905, 134.25, 1164928820.8207688, 2892.43655076541, 439, 0.0074487895716946, 64718267.823376045, 8677309.65229623, 179, 260, 14, 21, 28]
[51, 634, 42, 258, 1374051.663768137, 196.49166666666667, 53050726430.55267, 89996.56716663585, 1876, 0.005089274354298316, 2947262579.4751487, 269989701.49990755, 323, 1553, 60, 73, 685]
[8, 31, 0, 14, 17655.059119841266, 37.15384615384615, 24371189.8639565, 218.65111679188027, 134, 0.026915113871635612, 1353954.9924420277, 655953.3503756408, 42, 92, 13, 23, 39]
[5, 23, 0, 13, 11961.25681558384, 27.0, 8719756.21856062, 107.65131134025455, 101, 0.037037037037037035, 484430.90103114553, 322953.93402076367, 27, 74, 9, 18, 28]
[19, 96, 3, 52, 311395.32961077546, 157.234375, 7698517335.070886, 16320.683343089757, 916, 0.006359932425717977, 427695407.5039381, 48962050.02926927, 347, 569, 32, 29, 115]
[50, 639, 42, 263, 1307126.8344207795, 211.0983606557377, 58248862919.24537, 91977.44397178348, 1886, 0.004737128213093112, 3236047939.958076, 275932331.91535044, 326, 1560, 61, 79, 689]
[50, 646, 42, 267, 1375711.773025776, 210.60000000000002, 61016063813.477516, 96574.96646640949, 1922, 0.004748338081671415, 3389781322.970973, 289724899.39922845, 338, 1584, 65, 81, 696]
[8, 31, 0, 14, 19291.6976286147, 38.03846153846154, 27913631.029879052, 244.60883275256333, 141, 0.0262891809908999, 1550757.2794377252, 733826.49825769, 43, 98, 13, 23, 39]
[3, 28, 1, 9, 14819.161683945431, 30.545454545454543, 13826645.268352918, 150.88600987289894, 115, 0.03273809523809524, 768146.9593529399, 452658.0296186968, 32, 83, 11, 21, 31]
[55, 576, 40, 231, 1398843.696928562, 166.43650793650792, 38749524763.80611, 77606.22002192822, 1754, 0.0060082971722855375, 2152751375.767006, 232818660.06578466, 313, 1441, 63, 67, 631]
[23, 229, 9, 98, 337083.8524563934, 142.20000000000002, 6816118647.104339, 15977.77460643305, 899, 0.007032348804500703, 378673258.17246324, 47933323.81929915, 237, 662, 30, 36, 252]
[24, 242, 9, 100, 361299.452534835, 139.90625, 7071988334.537197, 16849.35051040059, 917, 0.007147643511279875, 392888240.8076221, 50548051.531201765, 242, 675, 32, 37, 266]
[5, 23, 0, 13, 11456.75589373888, 28.5, 9305749.974689407, 108.83918099051937, 101, 0.03508771929824561, 516986.10970496706, 326517.5429715581, 27, 74, 9, 19, 28]
[5, 23, 0, 13, 10054.580881845328, 30.374999999999996, 9276764.788938822, 101.80263142868394, 99, 0.03292181069958848, 515375.82160771237, 305407.8942860518, 27, 72, 8, 18, 28]
[50, 638, 42, 260, 1449244.5581656175, 188.70967741935482, 51609544112.19858, 91162.15769106302, 1886, 0.0052991452991453, 2867196895.1221433, 273486473.0731891, 325, 1561, 62, 72, 688]
[56, 580, 40, 237, 1346656.8631259764, 169.47692307692307, 38679254058.7504, 76075.75386767053, 1729, 0.005900508351488744, 2148847447.7083554, 228227261.6030116, 306, 1423, 65, 72, 636]
[24, 242, 9, 100, 361299.452534835, 139.90625, 7071988334.537197, 16849.35051040059, 917, 0.007147643511279875, 392888240.8076221, 50548051.531201765, 242, 675, 32, 37, 266]
[5, 39, 8, 14, 50617.996799018125, 182.0, 1676670525.9706762, 3070.825139140433, 441, 0.005494505494505495, 93148362.55392645, 9212475.417421298, 182, 259, 14, 28, 44]
[51, 635, 42, 260, 1374927.3602905006, 197.70833333333334, 53743965087.02193, 90611.53228581147, 1882, 0.005057955742887249, 2985775838.167885, 271834596.8574344, 325, 1557, 60, 73, 686]
[6, 21, 0, 10, 8737.873041520545, 23.625, 4876961.920564929, 68.8107502019743, 83, 0.042328042328042326, 270942.3289202738, 206432.2506059229, 21, 62, 8, 18, 27]
[19, 99, 6, 51, 308813.03518901067, 156.328125, 7546922007.5063095, 16092.054255552352, 910, 0.0063968015992004, 419273444.86146164, 48276162.766657054, 345, 565, 32, 29, 118]
[8, 31, 0, 14, 19291.6976286147, 38.03846153846154, 27913631.029879052, 244.60883275256333, 141, 0.0262891809908999, 1550757.2794377252, 733826.49825769, 43, 98, 13, 23, 39]
[1, 23, 3, 8, 12890.808407910441, 29.454545454545457, 11183681.846519064, 126.56430073221162, 105, 0.033950617283950615, 621315.658139948, 379692.90219663485, 27, 78, 11, 24, 24]
[20, 96, 3, 51, 310103.82911055005, 156.78125, 7622463865.936677, 16206.155319246142, 913, 0.006378313733306757, 423470214.7742598, 48618465.95773842, 346, 567, 32, 29, 116]
[19, 96, 3, 51, 310103.82911055005, 156.78125, 7622463865.936677, 16206.155319246142, 913, 0.006378313733306757, 423470214.7742598, 48618465.95773842, 346, 567, 32, 29, 115]
[56, 581, 40, 238, 1327033.1190867913, 173.51538461538462, 39953767338.38755, 76753.55401856602, 1735, 0.00576317772753469, 2219653741.0215306, 230260662.05569807, 309, 1426, 65, 73, 637]
[5, 23, 0, 13, 10072.63731838639, 32.0625, 10354710.509540737, 107.65131134025455, 101, 0.031189083820662766, 575261.6949744853, 322953.93402076367, 27, 74, 8, 19, 28]
[50, 637, 42, 260, 1455361.8105575826, 188.1290322580645, 51508940584.5266, 91265.26966851421, 1887, 0.005315500685871056, 2861607810.251478, 273795809.00554264, 324, 1563, 62, 72, 687]
[6, 20, 0, 7, 5796.689065641955, 21.25, 2617567.406203945, 41.05988088163051, 67, 0.047058823529411764, 145420.41145577474, 123179.64264489154, 15, 52, 6, 17, 26]
[5, 23, 0, 8, 6757.376398691451, 23.07142857142857, 3596889.399485104, 51.96744230422235, 74, 0.043343653250773995, 199827.18886028355, 155902.32691266705, 19, 55, 7, 17, 28]
[24, 240, 9, 100, 366809.10237763746, 136.6875, 6853267834.336197, 16712.73972708111, 915, 0.007315957933241884, 380737101.9075665, 50138219.18124332, 243, 672, 32, 36, 264]
[20, 99, 6, 51, 308813.03518901067, 156.328125, 7546922007.5063095, 16092.054255552352, 910, 0.0063968015992004, 419273444.86146164, 48276162.766657054, 345, 565, 32, 29, 119]
[55, 569, 40, 229, 1388356.1670821225, 157.5483870967742, 34461074655.38196, 72911.09161321599, 1706, 0.006347256347256347, 1914504147.52122, 218733274.83964798, 296, 1410, 62, 66, 624]
[1, 15, 0, 7, 8003.296218285814, 30.187499999999996, 7293285.044795621, 80.533168196501, 87, 0.033126293995859216, 405182.5024886456, 241599.504589503, 21, 66, 8, 23, 16]
[5, 39, 8, 14, 50617.996799018125, 182.0, 1676670525.9706762, 3070.825139140433, 441, 0.005494505494505495, 93148362.55392645, 9212475.417421298, 182, 259, 14, 28, 44]
[7, 41, 12, 18, 84684.62725147519, 165.52941176470588, 2320357614.584853, 4672.59884481669, 531, 0.006041222459132907, 128908756.36582518, 14017796.534450071, 201, 330, 17, 28, 48]
[9, 37, 0, 16, 17836.14643642462, 46.0, 37741285.8594745, 273.4875786918442, 150, 0.021739130434782608, 2096738.103304139, 820462.7360755326, 46, 104, 11, 22, 46]
[26, 319, 10, 122, 594853.9960443487, 141.55, 11918734093.47798, 28067.194380025852, 1148, 0.007064641469445425, 662151894.0821099, 84201583.14007756, 298, 850, 40, 38, 345]
[3, 29, 1, 9, 13204.031993706514, 33.0, 14379190.841146393, 145.24435193077164, 114, 0.030303030303030304, 798843.935619244, 435733.05579231493, 33, 81, 10, 20, 32]
[6, 20, 0, 7, 6854.598793584581, 18.214285714285715, 2274083.0946573336, 41.617206961049234, 67, 0.054901960784313725, 126337.9497031852, 124851.62088314771, 15, 52, 7, 17, 26]
[6, 42, 4, 17, 66569.92524386042, 162.93333333333334, 1767249853.2951622, 3615.486606577664, 477, 0.0061374795417348605, 98180547.40528679, 10846459.819732992, 188, 289, 15, 26, 48]
[55, 576, 40, 232, 1405659.6344374507, 166.43650793650792, 38938333806.49556, 77984.36030102587, 1758, 0.0060082971722855375, 2163240767.027531, 233953080.9030776, 313, 1445, 63, 67, 631]
[5, 23, 0, 13, 10510.479602168345, 30.374999999999996, 9697395.469194353, 106.41860597195449, 101, 0.03292181069958848, 538744.1927330196, 319255.8179158635, 27, 74, 8, 18, 28]
[19, 99, 6, 52, 310103.82911055005, 156.78125, 7622463865.936677, 16206.155319246142, 913, 0.006378313733306757, 423470214.7742598, 48618465.95773842, 346, 567, 32, 29, 118]
[5, 23, 0, 13, 11442.42971329303, 27.0, 8341531.26099062, 102.98186741963727, 99, 0.037037037037037035, 463418.40338836773, 308945.6022589118, 27, 72, 9, 18, 28]
[5, 23, 0, 8, 5714.471563147135, 26.916666666666668, 4140174.331330399, 51.27150874712569, 74, 0.03715170278637771, 230009.68507391107, 153814.52624137705, 19, 55, 6, 17, 28]
[55, 570, 40, 230, 1388880.0748542552, 158.0806451612903, 34707405262.057724, 73185.01942820729, 1709, 0.006325885113763902, 1928189181.225429, 219555058.28462186, 297, 1412, 62, 66, 625]
[6, 21, 0, 10, 7553.6013037533385, 27.0, 5506575.350436184, 67.98241173378004, 83, 0.037037037037037035, 305920.8528020102, 203947.23520134014, 21, 62, 7, 18, 27]
[1, 13, 0, 11, 34948.57819756975, 162.5625, 923570922.5420977, 1893.7760810808104, 378, 0.006151480199923107, 51309495.69678321, 5681328.243242431, 153, 225, 8, 17, 14]
[5, 16, 1, 6, 5202.150870131154, 24.0, 2996438.901195545, 41.617206961049234, 67, 0.041666666666666664, 166468.82784419696, 124851.62088314771, 16, 51, 6, 18, 21]
[1, 14, 0, 13, 41959.93010763254, 142.61111111111111, 853378079.8920168, 1994.6507515980136, 385, 0.007012076353720296, 47409893.32733426, 5983952.254794041, 151, 234, 9, 17, 15]
[4, 16, 0, 7, 9852.220593787437, 27.5, 7450741.82405175, 90.31202210971819, 92, 0.03636363636363636, 413930.10133620835, 270936.06632915454, 20, 72, 8, 22, 20]
[3, 13, 0, 16, 37606.081994971544, 187.5, 1322088820.1357183, 2350.3801246857215, 411, 0.005333333333333333, 73449378.8964288, 7051140.374057164, 150, 261, 8, 20, 16]
[5, 12, 0, 14, 44154.9542605365, 158.0, 1102284278.1600332, 2325.494257721589, 400, 0.006329113924050633, 61238015.45333518, 6976482.773164767, 158, 242, 11, 22, 17]
[6, 17, 0, 10, 59019.16262264433, 118.57142857142857, 829761247.566116, 2332.6621417521333, 399, 0.008433734939759036, 46097847.08700644, 6997986.425256399, 166, 233, 14, 20, 23]
[9, 24, 0, 26, 70644.58319879594, 141.66666666666666, 1417797537.8091683, 3335.994206609808, 461, 0.007058823529411765, 78766529.87828714, 10007982.619829424, 170, 291, 15, 25, 33]
[5, 22, 0, 31, 48384.19755693378, 196.875, 1875360157.2604508, 3175.2129646737794, 470, 0.005079365079365079, 104186675.40335838, 9525638.894021338, 150, 320, 8, 21, 27]
[5, 16, 1, 6, 5202.150870131154, 24.0, 2996438.901195545, 41.617206961049234, 67, 0.041666666666666664, 166468.82784419696, 124851.62088314771, 16, 51, 6, 18, 21]
[5, 16, 1, 6, 5202.150870131154, 24.0, 2996438.901195545, 41.617206961049234, 67, 0.041666666666666664, 166468.82784419696, 124851.62088314771, 16, 51, 6, 18, 21]
[8, 23, 0, 27, 64245.969590571105, 164.33333333333334, 1734990962.557635, 3519.2514453501726, 467, 0.006085192697768763, 96388386.8087575, 10557754.336050518, 170, 297, 15, 29, 31]
[5, 12, 0, 14, 44154.9542605365, 158.0, 1102284278.1600332, 2325.494257721589, 400, 0.006329113924050633, 61238015.45333518, 6976482.773164767, 158, 242, 11, 22, 17]
[5, 16, 1, 6, 5202.150870131154, 24.0, 2996438.901195545, 41.617206961049234, 67, 0.041666666666666664, 166468.82784419696, 124851.62088314771, 16, 51, 6, 18, 21]
[7, 17, 0, 11, 53001.49787875429, 141.42857142857142, 1060138123.8972872, 2498.6420428555593, 406, 0.007070707070707071, 58896562.43873818, 7495926.128566678, 165, 241, 14, 24, 24]
[5, 41, 0, 45, 71710.65533121866, 221.33333333333334, 3512993454.7681093, 5290.652793325466, 564, 0.004518072289156626, 195166303.04267275, 15871958.379976397, 166, 398, 12, 32, 46]
[5, 23, 0, 33, 57039.8852109294, 177.33333333333334, 1793739607.9931204, 3371.6909924682714, 481, 0.005639097744360902, 99652200.44406225, 10115072.977404814, 152, 329, 9, 21, 28]
[7, 30, 0, 50, 60399.776060844066, 223.5, 3017104713.735298, 4499.783316532883, 555, 0.0044742729306487695, 167616928.5408499, 13499349.94959865, 149, 406, 7, 21, 37]
[1, 14, 0, 13, 41959.93010763254, 142.61111111111111, 853378079.8920168, 1994.6507515980136, 385, 0.007012076353720296, 47409893.32733426, 5983952.254794041, 151, 234, 9, 17, 15]
[9, 23, 0, 36, 68736.66495068943, 165.1818181818182, 1875482175.4660058, 3784.682430769779, 499, 0.006053935057787562, 104193454.19255587, 11354047.292309336, 158, 341, 11, 23, 32]
[6, 21, 0, 15, 63879.2251665206, 145.125, 1345377329.1512752, 3090.157517430434, 441, 0.0068906115417743325, 74743184.95284861, 9270472.552291302, 172, 269, 16, 27, 27]
[6, 20, 0, 13, 65523.685649029154, 133.59375, 1169420222.2065804, 2917.8516265583294, 432, 0.007485380116959065, 64967790.1225878, 8753554.879674988, 171, 261, 16, 25, 26]
[5, 13, 0, 8, 40843.704374596404, 148.9090909090909, 905664925.2895423, 2027.3329625936033, 377, 0.006715506715506716, 50314718.07164124, 6081998.88778081, 156, 221, 11, 21, 18]
[3, 10, 0, 10, 37168.52131941089, 171.11111111111111, 1088257594.5816648, 2119.982327107139, 390, 0.005844155844155844, 60458755.254536934, 6359946.981321418, 154, 236, 9, 20, 13]
[6, 16, 0, 22, 54706.10272116195, 165.1818181818182, 1492657821.2131095, 3012.1511710409472, 449, 0.006053935057787562, 82925434.51183942, 9036453.513122842, 158, 291, 11, 23, 22]
[1, 13, 0, 11, 40092.34471995851, 142.61111111111111, 815395260.8530084, 1905.8712758543243, 377, 0.007012076353720296, 45299736.71405602, 5717613.827562973, 151, 226, 9, 17, 14]
[2, 12, 0, 15, 40213.85856325313, 168.88888888888889, 1147038257.093087, 2263.8912968942504, 402, 0.0059210526315789476, 63724347.61628261, 6791673.890682751, 152, 250, 9, 20, 14]
[9, 24, 0, 26, 70644.58319879594, 141.66666666666666, 1417797537.8091683, 3335.994206609808, 461, 0.007058823529411765, 78766529.87828714, 10007982.619829424, 170, 291, 15, 25, 33]
[9, 24, 0, 26, 70644.58319879594, 141.66666666666666, 1417797537.8091683, 3335.994206609808, 461, 0.007058823529411765, 78766529.87828714, 10007982.619829424, 170, 291, 15, 25, 33]
[4, 14, 0, 7, 9852.220593787437, 27.5, 7450741.82405175, 90.31202210971819, 92, 0.03636363636363636, 413930.10133620835, 270936.06632915454, 20, 72, 8, 22, 18]
[5, 13, 0, 16, 46092.46266425787, 170.1818181818182, 1334923046.9522533, 2614.6997002269923, 419, 0.005876068376068376, 74162391.49734741, 7844099.100680976, 156, 263, 11, 24, 18]
[1, 14, 0, 13, 42196.565356195366, 142.61111111111111, 858190750.7791064, 2005.899690173213, 386, 0.007012076353720296, 47677263.932172574, 6017699.070519639, 151, 235, 9, 17, 15]
[1, 13, 0, 11, 40323.31638393253, 142.61111111111111, 820092746.1587752, 1916.8509843991628, 378, 0.007012076353720296, 45560708.11993196, 5750552.953197489, 151, 227, 9, 17, 14]
[3, 10, 0, 10, 37861.372101215384, 162.55555555555554, 1000460582.0111885, 2051.5254586695596, 386, 0.006151742993848257, 55581143.44506603, 6154576.376008678, 154, 232, 9, 19, 13]
[4, 11, 0, 12, 34559.93125161655, 178.125, 1096535318.7158418, 2051.995918064733, 388, 0.005614035087719298, 60918628.81754676, 6155987.754194199, 150, 238, 8, 19, 15]
[5, 12, 0, 14, 44154.9542605365, 158.0, 1102284278.1600332, 2325.494257721589, 400, 0.006329113924050633, 61238015.45333518, 6976482.773164767, 158, 242, 11, 22, 17]
[4, 14, 0, 7, 9852.220593787437, 27.5, 7450741.82405175, 90.31202210971819, 92, 0.03636363636363636, 413930.10133620835, 270936.06632915454, 20, 72, 8, 22, 18]
[4, 16, 0, 7, 9852.220593787437, 27.5, 7450741.82405175, 90.31202210971819, 92, 0.03636363636363636, 413930.10133620835, 270936.06632915454, 20, 72, 8, 22, 20]
[5, 41, 0, 45, 71710.65533121866, 221.33333333333334, 3512993454.7681093, 5290.652793325466, 564, 0.004518072289156626, 195166303.04267275, 15871958.379976397, 166, 398, 12, 32, 46]
[5, 23, 0, 33, 57039.8852109294, 177.33333333333334, 1793739607.9931204, 3371.6909924682714, 481, 0.005639097744360902, 99652200.44406225, 10115072.977404814, 152, 329, 9, 21, 28]
[11, 52, 9, 19, 70893.26752422756, 162.05882352941177, 1861874300.4864194, 3829.6265103773903, 483, 0.006170598911070781, 103437461.13813442, 11488879.53113217, 190, 293, 17, 29, 63]
[12, 102, 15, 51, 115518.77642323096, 235.31578947368422, 6396681366.246359, 9061.130691022203, 708, 0.004249608588682621, 355371187.0136866, 27183392.07306661, 263, 445, 19, 34, 114]
[25, 108, 22, 50, 171725.79987447563, 172.6153846153846, 5116754126.607796, 9880.83833123906, 728, 0.005793226381461676, 284264118.14487755, 29642514.99371718, 272, 456, 26, 33, 133]
[12, 103, 16, 51, 115518.77642323096, 235.31578947368422, 6396681366.246359, 9061.130691022203, 708, 0.004249608588682621, 355371187.0136866, 27183392.07306661, 263, 445, 19, 34, 115]
[11, 52, 9, 19, 70893.26752422756, 162.05882352941177, 1861874300.4864194, 3829.6265103773903, 483, 0.006170598911070781, 103437461.13813442, 11488879.53113217, 190, 293, 17, 29, 63]
[24, 107, 22, 49, 170451.22291258693, 171.34615384615384, 5004363435.542435, 9735.387154815062, 723, 0.005836139169472503, 278020190.8634686, 29206161.464445185, 270, 453, 26, 33, 131]
[3, 12, 2, 6, 6936.589125605148, 12.0, 998868.8340871414, 27.746356502420593, 57, 0.08333333333333333, 55492.71300484119, 83239.06950726178, 12, 45, 7, 14, 15]
[4, 16, 1, 9, 9798.372257360983, 27.5, 7410019.019629244, 89.81841235914234, 91, 0.03636363636363636, 411667.7233127358, 269455.23707742704, 25, 66, 10, 22, 20]
[8, 30, 3, 16, 17662.054187507034, 47.27272727272727, 39469582.25042894, 278.3111568940502, 149, 0.021153846153846155, 2192754.5694682742, 834933.4706821507, 40, 109, 11, 26, 38]
[3, 13, 1, 8, 7867.091934012333, 17.944444444444446, 2533227.883899916, 47.056864716407105, 70, 0.05572755417956656, 140734.88243888423, 141170.59414922132, 19, 51, 9, 17, 16]
[2, 10, 1, 4, 5832.2837496301545, 11.785714285714285, 810122.0667534742, 22.91254330211846, 52, 0.08484848484848485, 45006.78148630412, 68737.62990635539, 11, 41, 7, 15, 12]
[12, 31, 6, 22, 25548.404495904764, 42.857142857142854, 46925640.91084548, 364.9772070843538, 168, 0.023333333333333334, 2606980.050602527, 1094931.6212530613, 50, 118, 14, 24, 43]
[4, 12, 1, 7, 11104.827076159638, 53.4375, 31710571.14589687, 197.80473229409355, 133, 0.01871345029239766, 1761698.3969942706, 593414.1968822806, 45, 88, 8, 19, 16]
[3, 14, 2, 6, 5940.236012617058, 20.583333333333332, 2516721.2423177366, 40.756619308789254, 66, 0.048582995951417005, 139817.84679542982, 122269.85792636777, 13, 53, 6, 19, 17]
[14, 38, 6, 27, 28705.861142161484, 54.464285714285715, 85151872.85553482, 521.1480743070983, 197, 0.018360655737704918, 4730659.603085268, 1563444.222921295, 61, 136, 14, 25, 52]
[9, 44, 10, 25, 40631.85460587323, 66.70588235294117, 180798537.09879005, 903.4612377070637, 249, 0.014991181657848324, 10044363.172155002, 2710383.713121191, 81, 168, 17, 28, 53]
[6, 28, 3, 13, 21317.336799785142, 32.30769230769231, 22250758.64782307, 229.57131938230154, 138, 0.030952380952380953, 1236153.2582123927, 688713.9581469046, 40, 98, 13, 21, 34]
[8, 20, 6, 9, 19551.083250281627, 32.2, 20271345.157222003, 209.84829355302278, 133, 0.031055900621118012, 1126185.842067889, 629544.8806590684, 28, 105, 10, 23, 28]
[3, 14, 1, 7, 6287.529850665736, 20.357142857142858, 2605635.7761241044, 42.6653811295175, 67, 0.04912280701754386, 144757.5431180058, 127996.14338855249, 15, 52, 7, 19, 17]
[4, 19, 3, 9, 10555.751983003338, 31.050000000000004, 10176826.876193477, 109.25203302408455, 99, 0.0322061191626409, 565379.2708996376, 327756.0990722537, 27, 72, 10, 23, 23]
[13, 139, 6, 27, 636685.593596622, 51.13157894736842, 1664575242.7562697, 10851.579897879268, 779, 0.0195573854863613, 92476402.37534831, 32554739.693637803, 67, 712, 19, 29, 152]
[9, 41, 5, 20, 41385.37834108806, 45.675, 86338409.08793107, 630.0923852430657, 209, 0.021893814997263273, 4796578.282662837, 1890277.155729197, 63, 146, 20, 29, 50]
[15, 139, 7, 27, 648056.4784045297, 51.75, 1735535752.697231, 11178.974252478138, 786, 0.01932367149758454, 96418652.92762394, 33536922.757434413, 69, 717, 20, 30, 154]
[7, 23, 0, 18, 19849.155117173876, 45.23076923076923, 40607847.85107789, 299.26418484354457, 154, 0.022108843537414966, 2255991.5472821053, 897792.5545306337, 49, 105, 13, 24, 30]
[10, 67, 3, 30, 43927.83443786933, 66.86111111111111, 196375350.35735124, 979.0212730736248, 257, 0.014956377233070212, 10909741.686519513, 2937063.8192208745, 83, 174, 18, 29, 77]
[5, 22, 7, 11, 8210.183828156198, 33.0, 8940890.1888621, 90.31202210971819, 92, 0.030303030303030304, 496716.12160345004, 270936.06632915454, 24, 68, 8, 22, 27]
[7, 42, 14, 14, 21771.596961544954, 37.785714285714285, 31084619.720998477, 274.21844744422094, 148, 0.026465028355387523, 1726923.3178332488, 822655.3423326629, 46, 102, 14, 23, 49]
[9, 36, 4, 28, 30874.456304320513, 46.875, 67839381.52804801, 482.413379755008, 189, 0.021333333333333333, 3768854.5293360003, 1447240.139265024, 60, 129, 16, 25, 45]
[9, 67, 3, 36, 66417.87758018539, 91.0, 550006444.241515, 2014.67561993229, 360, 0.01098901098901099, 30555913.568973057, 6044026.85979687, 91, 269, 15, 30, 76]
[8, 43, 3, 27, 51695.22605467539, 68.15, 240094471.03092062, 1174.3432185420427, 278, 0.014673514306676448, 13338581.723940035, 3523029.655626128, 94, 184, 20, 29, 51]
[14, 140, 6, 29, 612202.788622758, 56.574999999999996, 1959496214.2552629, 11545.124255444176, 796, 0.017675651789659744, 108860900.79195905, 34635372.76633253, 73, 723, 20, 31, 154]
[14, 42, 6, 37, 59222.47669831863, 50.526315789473685, 151189569.3218018, 997.4311864979979, 262, 0.019791666666666666, 8399420.517877879, 2992293.559493994, 80, 182, 19, 24, 56]
[4, 12, 1, 7, 11104.827076159638, 53.4375, 31710571.14589687, 197.80473229409355, 133, 0.01871345029239766, 1761698.3969942706, 593414.1968822806, 45, 88, 8, 19, 16]
[7, 40, 3, 23, 27803.935527956266, 48.22222222222222, 64654791.11486087, 446.9225192271489, 180, 0.020737327188940093, 3591932.8397144927, 1340767.5576814467, 62, 118, 18, 28, 47]
[127, 394, 93, 134, 1224099.1338540097, 159.95454545454544, 31319135277.482483, 65266.74018230697, 1586, 0.00625177607274794, 1739951959.860138, 195800220.5469209, 391, 1195, 88, 72, 521]
[3, 13, 1, 8, 7867.091934012333, 17.944444444444446, 2533227.883899916, 47.056864716407105, 70, 0.05572755417956656, 140734.88243888423, 141170.59414922132, 19, 51, 9, 17, 16]
[13, 40, 3, 22, 89450.68279702807, 44.909090909090914, 180406502.70293838, 1339.049615203996, 296, 0.022267206477732792, 10022583.483496577, 4017148.845611988, 76, 220, 22, 26, 53]
[4, 16, 0, 10, 6227.444605730104, 33.0, 6781687.175640083, 68.50189066303113, 82, 0.030303030303030304, 376760.39864667127, 205505.67198909342, 22, 60, 7, 21, 20]
[10, 45, 3, 17, 35817.42964790066, 36.4375, 47554493.537481666, 435.03253093179336, 182, 0.0274442538593482, 2641916.3076378703, 1305097.5927953802, 53, 129, 16, 22, 55]
[14, 140, 6, 30, 610453.9592551105, 58.125, 2062428239.6865041, 11827.545460567764, 805, 0.017204301075268817, 114579346.64925022, 35482636.381703295, 75, 730, 20, 31, 154]
[7, 46, 4, 20, 52393.04679912592, 46.875, 115121440.72073567, 818.6413562363425, 238, 0.021333333333333333, 6395635.595596426, 2455924.0687090275, 75, 163, 20, 25, 53]
[10, 47, 10, 27, 48264.608463078825, 68.6842105263158, 227689293.15189698, 1105.005509549436, 271, 0.014559386973180077, 12649405.175105387, 3315016.5286483085, 90, 181, 19, 29, 57]
[17, 46, 3, 19, 43776.215973309394, 55.85714285714286, 136582687.22888803, 815.0714497887607, 232, 0.017902813299232736, 7587927.068271558, 2445214.349366282, 69, 163, 21, 34, 63]
[13, 139, 6, 27, 636685.593596622, 51.13157894736842, 1664575242.7562697, 10851.579897879268, 779, 0.0195573854863613, 92476402.37534831, 32554739.693637803, 67, 712, 19, 29, 152]
[8, 42, 3, 27, 45859.192796327385, 67.15789473684211, 206833343.74059042, 1026.6022808441007, 262, 0.014890282131661442, 11490741.31892169, 3079806.8425323023, 88, 174, 19, 29, 50]
[3, 22, 0, 11, 36408.08822816848, 47.36666666666667, 81685227.20215018, 574.8432596914157, 203, 0.0211118930330753, 4538068.177897233, 1724529.7790742472, 49, 154, 15, 29, 25]
[11, 29, 5, 15, 14390.308802146566, 43.75, 27543950.44160866, 209.8586700313041, 132, 0.022857142857142857, 1530219.4689782588, 629576.0100939122, 35, 97, 10, 25, 40]
[12, 184, 3, 169, 2630410.1656436557, 184.94736842105263, 89974571428.69897, 162162.4793345931, 2534, 0.005406943653955606, 4998587301.594387, 486487438.0037793, 1004, 1530, 76, 28, 196]
[6, 30, 3, 14, 24807.557415487678, 38.57142857142857, 36907570.11406228, 318.95430962769876, 158, 0.025925925925925925, 2050420.5618923488, 956862.9288830962, 45, 113, 14, 24, 36]
[6, 18, 3, 10, 9491.9835096267, 35.77777777777778, 12150207.632248577, 113.20069222591843, 101, 0.027950310559006212, 675011.5351249209, 339602.0766777553, 28, 73, 9, 23, 24]
[13, 51, 4, 29, 37963.890880782084, 56.83333333333333, 122624422.09745057, 719.2048216859272, 221, 0.017595307917888565, 6812467.89430281, 2157614.4650577814, 62, 159, 18, 33, 64]
[4, 25, 4, 12, 12162.133440093261, 40.888888888888886, 20333885.91347148, 165.76537429460444, 120, 0.024456521739130436, 1129660.3285261933, 497296.12288381334, 32, 88, 9, 23, 29]
[6, 32, 3, 16, 16209.134196316842, 44.909090909090914, 32691010.518449396, 242.64582706001576, 140, 0.022267206477732792, 1816167.2510249664, 727937.4811800473, 38, 102, 11, 26, 38]
[3, 12, 2, 6, 6424.542441168219, 14.0, 1259210.318468971, 29.981198058785022, 59, 0.07142857142857142, 69956.12880383171, 89943.59417635507, 14, 45, 7, 14, 15]
[7, 31, 0, 15, 26921.731918578233, 36.53846153846154, 35942105.11319061, 327.89288875191437, 160, 0.02736842105263158, 1996783.6173994786, 983678.6662557431, 38, 122, 13, 25, 38]
[4, 18, 3, 9, 9798.372257360983, 27.5, 7410019.019629244, 89.81841235914234, 91, 0.03636363636363636, 411667.7233127358, 269455.23707742704, 25, 66, 10, 22, 22]
[9, 44, 10, 24, 37155.073784210945, 70.0, 182059861.54263365, 866.9517216315887, 245, 0.014285714285714285, 10114436.752368536, 2600855.164894766, 80, 165, 16, 28, 53]
[3, 13, 1, 8, 7867.091934012333, 17.944444444444446, 2533227.883899916, 47.056864716407105, 70, 0.05572755417956656, 140734.88243888423, 141170.59414922132, 19, 51, 9, 17, 16]
[8, 49, 13, 20, 37688.3545357712, 47.31578947368421, 84376082.615415, 594.4180829413738, 204, 0.021134593993325918, 4687560.1453008335, 1783254.2488241214, 62, 142, 19, 29, 57]
[3, 14, 2, 6, 6499.4380959710115, 20.357142857142858, 2693453.364006354, 44.10332993694615, 68, 0.04912280701754386, 149636.298000353, 132309.98981083845, 15, 53, 7, 19, 17]
[9, 26, 3, 14, 12902.87995541904, 44.44444444444444, 25487170.28230921, 191.1537771173191, 127, 0.0225, 1415953.904572734, 573461.3313519573, 32, 95, 9, 25, 35]
[6, 18, 3, 10, 9491.9835096267, 35.77777777777778, 12150207.632248577, 113.20069222591843, 101, 0.027950310559006212, 675011.5351249209, 339602.0766777553, 28, 73, 9, 23, 24]
[12, 39, 6, 20, 27058.107533475042, 48.67857142857143, 64116981.344842345, 439.0500067634105, 180, 0.020542920029347028, 3562054.519157908, 1317150.0202902316, 47, 133, 14, 29, 51]
[4, 19, 3, 9, 10365.899801606085, 28.599999999999998, 8478891.401721712, 98.82157810864467, 95, 0.03496503496503497, 471049.5223178729, 296464.734325934, 26, 69, 10, 22, 23]
[7, 23, 0, 18, 19849.155117173876, 45.23076923076923, 40607847.85107789, 299.26418484354457, 154, 0.022108843537414966, 2255991.5472821053, 897792.5545306337, 49, 105, 13, 24, 30]
[4, 19, 0, 11, 24542.419119569684, 44.65384615384615, 48936748.701286234, 365.3044692028257, 167, 0.02239448751076658, 2718708.2611825685, 1095913.4076084772, 43, 124, 13, 27, 23]
[9, 47, 4, 23, 53110.13827259837, 45.91666666666667, 111974243.67846625, 812.8801718944918, 236, 0.021778584392014518, 6220791.315470347, 2438640.5156834754, 57, 179, 18, 29, 56]
[15, 139, 7, 27, 646285.0951383708, 51.75, 1730791877.5990033, 11148.417891136896, 785, 0.01932367149758454, 96155104.31105573, 33445253.67341069, 69, 716, 20, 30, 154]
[5, 42, 1, 14, 15772.37779293243, 57.0, 51244455.449237466, 299.6751780657162, 157, 0.017543859649122806, 2846914.191624304, 899025.5341971485, 38, 119, 8, 24, 47]
[3, 21, 0, 9, 9753.992271227755, 40.0, 15606387.633964406, 130.05323028303673, 110, 0.025, 867021.5352202448, 390159.6908491102, 28, 82, 7, 20, 24]
[5, 27, 0, 11, 11230.691443589336, 39.0, 17081881.68569938, 145.99898876666137, 112, 0.02564102564102564, 948993.426983299, 437996.9662999841, 27, 85, 9, 26, 32]
[4, 33, 0, 12, 34352.41945427122, 35.77777777777778, 43972793.31724268, 409.6844097879753, 173, 0.027950310559006212, 2442932.962069038, 1229053.229363926, 46, 127, 18, 28, 37]
[4, 43, 0, 14, 35797.5384982533, 38.333333333333336, 52602494.07104444, 457.4129919221255, 181, 0.02608695652173913, 2922360.781724691, 1372238.9757663766, 46, 135, 18, 30, 47]
[9, 51, 2, 17, 41747.539189223746, 52.44444444444444, 114823256.4287904, 729.8088332338374, 223, 0.019067796610169493, 6379069.801599467, 2189426.499701512, 59, 164, 18, 32, 60]
[5, 19, 0, 9, 5411.927539920247, 46.2, 11551434.618307373, 83.3436841147718, 90, 0.021645021645021644, 641746.3676837429, 250031.05234431542, 21, 69, 5, 22, 24]
[7, 26, 1, 9, 8290.750365214128, 44.642857142857146, 16523338.578631472, 123.374261387115, 105, 0.0224, 917963.2543684151, 370122.784161345, 25, 80, 7, 25, 33]
[8, 53, 7, 22, 37395.863980870774, 75.60000000000001, 213730825.16170964, 942.3757723179436, 256, 0.013227513227513227, 11873934.731206091, 2827127.316953831, 84, 172, 15, 27, 61]
[6, 34, 0, 16, 21511.02534306308, 58.49999999999999, 73616106.48029761, 419.46499418972996, 179, 0.017094017094017096, 4089783.693349867, 1258394.98256919, 54, 125, 12, 26, 40]
[8, 43, 2, 13, 18294.5110297829, 49.4, 44645192.936641, 301.2496149570918, 155, 0.020242914979757085, 2480288.4964800556, 903748.8448712754, 38, 117, 10, 26, 51]
[4, 29, 0, 15, 15108.633676742398, 56.222222222222214, 47757458.420474276, 283.1469866826538, 153, 0.017786561264822136, 2653192.134470793, 849440.9600479614, 44, 109, 9, 23, 33]
[7, 24, 0, 12, 17066.163517604095, 31.818181818181817, 17277727.528152905, 181.0047645806495, 123, 0.03142857142857143, 959873.7515640503, 543014.2937419484, 28, 95, 11, 25, 31]
[5, 28, 3, 12, 9533.183600458055, 48.87499999999999, 22772541.281587932, 155.3114494907958, 117, 0.020460358056265986, 1265141.1823104406, 465934.3484723874, 34, 83, 8, 23, 33]
[6, 42, 0, 14, 30324.92791975184, 38.8125, 45681779.40586336, 392.32875496178946, 171, 0.02576489533011272, 2537876.6336590755, 1176986.2648853683, 46, 125, 16, 27, 48]
[5, 42, 1, 14, 15772.37779293243, 57.0, 51244455.449237466, 299.6751780657162, 157, 0.017543859649122806, 2846914.191624304, 899025.5341971485, 38, 119, 8, 24, 47]
[7, 21, 0, 9, 6157.637871117148, 44.0, 11921186.9184828, 90.31202210971819, 92, 0.022727272727272728, 662288.1621379333, 270936.06632915454, 22, 70, 6, 24, 28]
[2, 11, 0, 4, 4810.2964437030505, 8.4, 339414.5170676873, 13.468830042368543, 42, 0.11904761904761904, 18856.36205931596, 40406.49012710563, 6, 36, 5, 14, 13]
[6, 22, 6, 4, 12965.298467610122, 9.545454545454545, 1181342.2777305916, 41.2532223969413, 66, 0.10476190476190476, 65630.12654058842, 123759.6671908239, 14, 52, 11, 15, 28]
[5, 15, 0, 4, 13032.800734804003, 8.863636363636363, 1023909.6031837235, 38.50600217101183, 64, 0.11282051282051282, 56883.86684354019, 115518.00651303548, 13, 51, 11, 15, 20]
[3, 12, 0, 4, 5593.523810467193, 8.166666666666666, 373056.9630258814, 15.226814817382913, 44, 0.12244897959183673, 20725.386834771187, 45680.44445214874, 7, 37, 6, 14, 15]
[5, 15, 0, 4, 13032.800734804003, 8.863636363636363, 1023909.6031837235, 38.50600217101183, 64, 0.11282051282051282, 56883.86684354019, 115518.00651303548, 13, 51, 11, 15, 20]
[4, 11, 0, 4, 5862.601384342135, 9.333333333333334, 510697.7205915816, 18.2392043068422, 47, 0.10714285714285714, 28372.0955884212, 54717.6129205266, 7, 40, 6, 16, 15]
[6, 22, 6, 4, 12965.298467610122, 9.545454545454545, 1181342.2777305916, 41.2532223969413, 66, 0.10476190476190476, 65630.12654058842, 123759.6671908239, 14, 52, 11, 15, 28]
[4, 11, 0, 4, 5862.601384342135, 9.333333333333334, 510697.7205915816, 18.2392043068422, 47, 0.10714285714285714, 28372.0955884212, 54717.6129205266, 7, 40, 6, 16, 15]
[3, 12, 0, 4, 5593.523810467193, 8.166666666666666, 373056.9630258814, 15.226814817382913, 44, 0.12244897959183673, 20725.386834771187, 45680.44445214874, 7, 37, 6, 14, 15]
[7, 31, 11, 8, 8906.397455766788, 27.0, 6492763.7452539895, 80.1575771019011, 88, 0.037037037037037035, 360709.096958555, 240472.7313057033, 18, 70, 7, 21, 38]
[7, 31, 7, 10, 10269.549533182, 31.42857142857143, 10143799.947061406, 107.58575701428764, 100, 0.031818181818181815, 563544.4415034115, 322757.2710428629, 20, 80, 7, 22, 38]
[7, 39, 7, 12, 15876.156132944265, 38.0, 22925169.45597152, 201.0979776839607, 134, 0.02631578947368421, 1273620.5253317512, 603293.9330518821, 32, 102, 8, 19, 46]
[5, 30, 7, 10, 11064.658019226823, 37.125, 15250037.800280921, 136.92514298793193, 111, 0.026936026936026935, 847224.322237829, 410775.4289637958, 27, 84, 8, 22, 35]
[6, 31, 7, 10, 10103.904535613307, 29.857142857142858, 9007115.388165813, 100.55790704491339, 97, 0.03349282296650718, 500395.29934254516, 301673.72113474016, 19, 78, 7, 22, 37]
[6, 28, 7, 9, 9723.429813390045, 25.714285714285715, 6429369.917425253, 83.3436841147718, 90, 0.03888888888888889, 357187.2176347363, 250031.05234431542, 18, 72, 7, 20, 34]
[5, 30, 7, 10, 9585.074327968256, 42.42857142857143, 17254894.314199015, 135.56033692412248, 111, 0.02356902356902357, 958605.239677723, 406681.0107723674, 27, 84, 7, 22, 35]
[5, 30, 7, 10, 9712.704001157323, 38.57142857142857, 14450124.932334058, 124.87762287202271, 108, 0.025925925925925925, 802784.7184630032, 374632.86861606815, 27, 81, 7, 20, 35]
[4, 39, 9, 13, 14633.218738483181, 46.666666666666664, 31867898.58603004, 227.6278470430717, 138, 0.02142857142857143, 1770438.8103350021, 682883.5411292152, 35, 103, 9, 24, 43]
[6, 26, 8, 8, 6614.4435781249, 31.666666666666664, 6632817.03250858, 69.81912665798505, 84, 0.031578947368421054, 368489.8351393656, 209457.37997395516, 20, 64, 6, 19, 32]
[7, 30, 10, 8, 6990.114758865366, 31.5, 6935941.36948416, 73.39620496808635, 85, 0.031746031746031744, 385330.07608245336, 220188.61490425904, 18, 67, 6, 21, 37]
[7, 42, 7, 13, 17971.36943492602, 37.125, 24769320.726334207, 222.3956967572095, 141, 0.026936026936026935, 1376073.3736852338, 667187.0902716285, 33, 108, 8, 18, 49]
[6, 26, 8, 8, 6614.4435781249, 31.666666666666664, 6632817.03250858, 69.81912665798505, 84, 0.031578947368421054, 368489.8351393656, 209457.37997395516, 20, 64, 6, 19, 32]
[6, 40, 13, 13, 13633.720329050399, 43.125, 25355524.40883162, 195.98472973009947, 130, 0.02318840579710145, 1408640.24493509, 587954.1891902984, 30, 100, 8, 23, 46]
[6, 27, 8, 6, 7014.554346018507, 27.5, 5304756.724176497, 64.30008150516966, 83, 0.03636363636363636, 294708.7068986943, 192900.24451550897, 22, 61, 6, 15, 33]
[5, 41, 14, 13, 13633.720329050399, 43.125, 25355524.40883162, 195.98472973009947, 130, 0.02318840579710145, 1408640.24493509, 587954.1891902984, 30, 100, 8, 23, 46]
[5, 40, 13, 13, 13395.849163043818, 41.6875, 23279945.071474228, 186.14648732812975, 127, 0.0239880059970015, 1293330.2817485682, 558439.4619843892, 29, 98, 8, 23, 45]
[11, 89, 24, 33, 50934.35597547504, 80.20833333333333, 327679900.8014231, 1361.7866007331868, 308, 0.012467532467532468, 18204438.93341239, 4085359.80219956, 77, 231, 12, 25, 100]
[8, 48, 16, 14, 18562.389364084545, 43.63636363636364, 35345243.88004198, 269.99839075032065, 148, 0.022916666666666665, 1963624.6600023322, 809995.172250962, 40, 108, 11, 24, 56]
[6, 27, 7, 8, 10018.042865856462, 20.642857142857142, 4268964.072444885, 68.93367591029804, 84, 0.04844290657439446, 237164.6706913825, 206801.0277308941, 17, 67, 7, 17, 33]
[4, 37, 9, 13, 12617.707660386935, 51.5625, 33546590.923245538, 216.86685041290045, 135, 0.019393939393939394, 1863699.4957358632, 650600.5512387013, 33, 102, 8, 25, 41]
[7, 32, 12, 8, 7208.919582404701, 29.75, 6380344.387902061, 71.48845252551328, 84, 0.03361344537815126, 354463.57710567006, 214465.35757653986, 17, 67, 6, 21, 39]
[7, 42, 7, 13, 17971.36943492602, 37.125, 24769320.726334207, 222.3956967572095, 141, 0.026936026936026935, 1376073.3736852338, 667187.0902716285, 33, 108, 8, 18, 49]
[6, 40, 13, 13, 13633.720329050399, 43.125, 25355524.40883162, 195.98472973009947, 130, 0.02318840579710145, 1408640.24493509, 587954.1891902984, 30, 100, 8, 23, 46]
[7, 30, 7, 9, 10051.61460638721, 31.42857142857143, 9928533.61120696, 105.30262920977079, 100, 0.031818181818181815, 551585.2006226089, 315907.88762931235, 22, 78, 7, 20, 37]
[5, 40, 11, 12, 13693.446989104541, 40.6875, 22669127.06027146, 185.71737478973034, 128, 0.02457757296466974, 1259395.9477928588, 557152.124369191, 31, 97, 8, 21, 45]
[5, 40, 11, 12, 13693.446989104541, 40.6875, 22669127.06027146, 185.71737478973034, 128, 0.02457757296466974, 1259395.9477928588, 557152.124369191, 31, 97, 8, 21, 45]
[5, 52, 13, 18, 22703.549079859327, 56.4, 72219081.48106933, 426.8267227013553, 183, 0.01773049645390071, 4012171.1933927406, 1280480.168104066, 47, 136, 10, 24, 57]
[30, 100, 51, 29, 82124.87723730908, 208.0, 3553050688.7949395, 5693.991488453429, 576, 0.004807692307692308, 197391704.93305218, 17081974.465360288, 221, 355, 17, 32, 130]
[15, 85, 3, 37, 94336.99064512333, 221.1764705882353, 4614874183.198948, 6955.040878934583, 632, 0.0045212765957446804, 256381899.06660822, 20865122.63680375, 235, 397, 17, 32, 100]
[35, 144, 10, 58, 223029.1965791505, 321.77777777777777, 23092652275.767467, 23921.946418267406, 1070, 0.003107734806629834, 1282925126.431526, 71765839.25480221, 362, 708, 27, 48, 179]
[30, 121, 11, 52, 161849.00237757224, 227.2, 8354619606.889898, 12257.364446728137, 796, 0.0044014084507042256, 464145533.71610546, 36772093.34018441, 284, 512, 25, 40, 151]
[15, 86, 3, 38, 94900.82094057041, 222.11764705882354, 4682050545.035081, 7026.38235042341, 635, 0.004502118644067797, 260113919.1686156, 21079147.051270228, 236, 399, 17, 32, 101]
[36, 156, 3, 71, 157280.45762216861, 327.61904761904765, 16881578442.790882, 17176.024578420955, 933, 0.003052325581395349, 937865469.0439379, 51528073.73526286, 320, 613, 21, 43, 192]
[15, 83, 3, 36, 92969.00264504712, 218.3529411764706, 4432576751.494658, 6766.685055263038, 624, 0.0045797413793103444, 246254263.97192547, 20300055.165789112, 232, 392, 17, 32, 98]
[36, 156, 3, 71, 157280.45762216861, 327.61904761904765, 16881578442.790882, 17176.024578420955, 933, 0.003052325581395349, 937865469.0439379, 51528073.73526286, 320, 613, 21, 43, 192]
[31, 110, 0, 51, 138477.99068996366, 267.15000000000003, 9883052681.105877, 12331.465070941264, 807, 0.0037432154220475387, 549058482.2836598, 36994395.21282379, 274, 533, 20, 39, 141]
[15, 87, 3, 38, 95465.0921762049, 223.05882352941177, 4749888453.930743, 7098.110382983706, 638, 0.004483122362869198, 263882691.8850413, 21294331.148951117, 237, 401, 17, 32, 102]
[30, 121, 11, 52, 161716.98510738518, 228.0, 8406695753.822311, 12290.490868161274, 797, 0.0043859649122807015, 467038652.9901284, 36871472.60448382, 285, 512, 25, 40, 151]
[35, 144, 10, 58, 223029.1965791505, 321.77777777777777, 23092652275.767467, 23921.946418267406, 1070, 0.003107734806629834, 1282925126.431526, 71765839.25480221, 362, 708, 27, 48, 179]
[31, 109, 0, 51, 138109.42202414392, 267.15000000000003, 9856748258.845327, 12298.644031250018, 806, 0.0037432154220475387, 547597125.491407, 36895932.09375005, 274, 532, 20, 39, 140]
